[823.0, 0.0, 24.0, 0.0, 0.0, 0.0, 0.0, 27.0, 0.0, 0.0, 0.0, 0.0, 34.0, 11.0, 36.0, 0.0, 2.0, 3.0, 0.0, 1.0, 0.0, 1.0, 0.0, 0.0, 0.0, 2.0, 0.0, 0.0, 0.0, 0.0, 0.0, 0.0, 0.0, 2.0, 2.0, 8.0, 1.0, 4.0, 3.0, 1.0, 5.0, 8.0, 12.0, 4.0, 2.0, 4.0, 4.0, 1.0, 4.0, 0.0, 6.0, 11.0, 16.0, 2.0, 10.0, 10.0, 0.0, 2.0, 0.0, 0.0, 0.0, 0.0, 0.0, 0.0, 0.0, 257.0, 39.0, 75.0, 124.0, 485.0, 96.0, 113.0, 191.0, 250.0, 9.0, 36.0, 143.0, 78.0, 282.0, 286.0, 58.0, 2.0, 212.0, 224.0, 370.0, 115.0, 34.0, 62.0, 3.0, 63.0, 1.0, 0.0, 0.0, 0.0, 0.0, 1]
[194.0, 0.0, 0.0, 0.0, 0.0, 0.0, 0.0, 3.0, 1.0, 1.0, 0.0, 0.0, 8.0, 0.0, 8.0, 0.0, 7.0, 1.0, 0.0, 0.0, 1.0, 1.0, 0.0, 0.0, 2.0, 1.0, 0.0, 0.0, 0.0, 0.0, 0.0, 0.0, 0.0, 1.0, 2.0, 5.0, 1.0, 1.0, 2.0, 0.0, 0.0, 5.0, 2.0, 0.0, 0.0, 1.0, 3.0, 0.0, 1.0, 0.0, 1.0, 8.0, 7.0, 1.0, 2.0, 1.0, 0.0, 0.0, 0.0, 0.0, 0.0, 0.0, 0.0, 0.0, 0.0, 78.0, 15.0, 16.0, 21.0, 106.0, 18.0, 26.0, 46.0, 58.0, 0.0, 10.0, 40.0, 22.0, 59.0, 59.0, 19.0, 0.0, 39.0, 61.0, 81.0, 16.0, 7.0, 16.0, 1.0, 16.0, 0.0, 0.0, 0.0, 0.0, 0.0, 1]
[189.0, 0.0, 0.0, 0.0, 0.0, 0.0, 0.0, 2.0, 0.0, 0.0, 0.0, 0.0, 2.0, 2.0, 5.0, 0.0, 2.0, 3.0, 4.0, 1.0, 2.0, 1.0, 1.0, 0.0, 2.0, 0.0, 0.0, 0.0, 0.0, 0.0, 0.0, 5.0, 0.0, 0.0, 0.0, 4.0, 0.0, 7.0, 2.0, 0.0, 2.0, 3.0, 0.0, 0.0, 0.0, 2.0, 2.0, 0.0, 2.0, 0.0, 0.0, 5.0, 10.0, 2.0, 2.0, 2.0, 0.0, 0.0, 0.0, 0.0, 0.0, 0.0, 0.0, 0.0, 0.0, 62.0, 10.0, 11.0, 30.0, 112.0, 23.0, 21.0, 36.0, 61.0, 0.0, 5.0, 37.0, 23.0, 68.0, 63.0, 16.0, 1.0, 37.0, 71.0, 80.0, 19.0, 4.0, 10.0, 1.0, 11.0, 0.0, 0.0, 0.0, 0.0, 0.0, 1]
[197.0, 0.0, 0.0, 0.0, 0.0, 0.0, 0.0, 5.0, 0.0, 0.0, 0.0, 0.0, 6.0, 3.0, 9.0, 0.0, 1.0, 2.0, 2.0, 0.0, 1.0, 0.0, 0.0, 1.0, 1.0, 0.0, 0.0, 0.0, 0.0, 0.0, 0.0, 1.0, 0.0, 1.0, 1.0, 0.0, 1.0, 4.0, 5.0, 2.0, 0.0, 7.0, 1.0, 1.0, 1.0, 0.0, 2.0, 1.0, 1.0, 0.0, 1.0, 2.0, 9.0, 0.0, 4.0, 0.0, 0.0, 0.0, 0.0, 0.0, 0.0, 0.0, 0.0, 0.0, 0.0, 62.0, 17.0, 22.0, 19.0, 117.0, 16.0, 11.0, 54.0, 42.0, 1.0, 16.0, 26.0, 23.0, 55.0, 64.0, 12.0, 2.0, 40.0, 68.0, 80.0, 23.0, 8.0, 20.0, 0.0, 12.0, 0.0, 0.0, 0.0, 0.0, 0.0, 1]
[234.0, 0.0, 0.0, 0.0, 0.0, 0.0, 1.0, 4.0, 0.0, 0.0, 0.0, 0.0, 13.0, 5.0, 12.0, 0.0, 3.0, 6.0, 3.0, 2.0, 2.0, 1.0, 3.0, 1.0, 1.0, 0.0, 1.0, 0.0, 0.0, 0.0, 0.0, 0.0, 0.0, 7.0, 1.0, 2.0, 1.0, 10.0, 4.0, 3.0, 0.0, 7.0, 1.0, 0.0, 0.0, 2.0, 4.0, 2.0, 4.0, 0.0, 1.0, 5.0, 11.0, 0.0, 4.0, 0.0, 0.0, 0.0, 0.0, 0.0, 0.0, 0.0, 0.0, 0.0, 0.0, 87.0, 15.0, 17.0, 27.0, 126.0, 15.0, 33.0, 43.0, 71.0, 0.0, 5.0, 35.0, 28.0, 77.0, 78.0, 21.0, 0.0, 47.0, 79.0, 107.0, 18.0, 8.0, 17.0, 5.0, 10.0, 1.0, 0.0, 0.0, 0.0, 0.0, 1]
[234.0, 0.0, 0.0, 0.0, 0.0, 0.0, 0.0, 10.0, 0.0, 0.0, 0.0, 0.0, 10.0, 6.0, 9.0, 0.0, 1.0, 2.0, 1.0, 0.0, 0.0, 0.0, 1.0, 1.0, 0.0, 1.0, 1.0, 0.0, 0.0, 0.0, 0.0, 0.0, 0.0, 6.0, 1.0, 0.0, 0.0, 4.0, 0.0, 1.0, 2.0, 7.0, 2.0, 0.0, 0.0, 0.0, 3.0, 1.0, 2.0, 0.0, 1.0, 3.0, 10.0, 3.0, 2.0, 0.0, 0.0, 0.0, 0.0, 0.0, 0.0, 0.0, 0.0, 0.0, 0.0, 73.0, 18.0, 21.0, 30.0, 139.0, 33.0, 29.0, 48.0, 67.0, 1.0, 14.0, 35.0, 23.0, 91.0, 85.0, 18.0, 2.0, 62.0, 72.0, 99.0, 32.0, 14.0, 21.0, 0.0, 8.0, 0.0, 0.0, 0.0, 0.0, 0.0, 1]
[133.0, 0.0, 0.0, 0.0, 0.0, 0.0, 1.0, 2.0, 0.0, 0.0, 0.0, 0.0, 10.0, 2.0, 11.0, 0.0, 2.0, 12.0, 1.0, 7.0, 4.0, 4.0, 1.0, 2.0, 2.0, 3.0, 7.0, 0.0, 0.0, 0.0, 0.0, 0.0, 0.0, 7.0, 1.0, 0.0, 0.0, 0.0, 0.0, 1.0, 0.0, 1.0, 0.0, 0.0, 0.0, 2.0, 0.0, 1.0, 1.0, 0.0, 0.0, 1.0, 9.0, 0.0, 1.0, 0.0, 0.0, 0.0, 0.0, 0.0, 0.0, 0.0, 0.0, 0.0, 0.0, 55.0, 10.0, 17.0, 30.0, 51.0, 14.0, 11.0, 24.0, 43.0, 1.0, 5.0, 21.0, 9.0, 46.0, 50.0, 7.0, 1.0, 29.0, 56.0, 37.0, 17.0, 9.0, 11.0, 1.0, 6.0, 0.0, 0.0, 0.0, 0.0, 0.0, 1]
[177.0, 0.0, 4.0, 0.0, 0.0, 0.0, 0.0, 3.0, 0.0, 0.0, 0.0, 0.0, 7.0, 1.0, 8.0, 0.0, 0.0, 0.0, 1.0, 0.0, 0.0, 0.0, 0.0, 0.0, 0.0, 1.0, 0.0, 0.0, 0.0, 0.0, 0.0, 1.0, 0.0, 0.0, 7.0, 1.0, 0.0, 0.0, 0.0, 1.0, 0.0, 1.0, 2.0, 0.0, 0.0, 0.0, 0.0, 1.0, 4.0, 0.0, 0.0, 2.0, 6.0, 0.0, 2.0, 3.0, 0.0, 0.0, 0.0, 0.0, 0.0, 0.0, 0.0, 0.0, 0.0, 66.0, 15.0, 22.0, 30.0, 112.0, 18.0, 18.0, 41.0, 51.0, 2.0, 18.0, 29.0, 11.0, 66.0, 58.0, 18.0, 2.0, 45.0, 69.0, 74.0, 19.0, 7.0, 16.0, 1.0, 23.0, 1.0, 0.0, 0.0, 0.0, 0.0, 1]
[202.0, 0.0, 0.0, 0.0, 0.0, 0.0, 0.0, 1.0, 0.0, 0.0, 0.0, 0.0, 10.0, 2.0, 9.0, 0.0, 2.0, 0.0, 1.0, 2.0, 1.0, 0.0, 0.0, 1.0, 2.0, 0.0, 0.0, 0.0, 0.0, 0.0, 0.0, 0.0, 0.0, 2.0, 2.0, 0.0, 1.0, 5.0, 0.0, 2.0, 1.0, 6.0, 0.0, 0.0, 0.0, 1.0, 3.0, 1.0, 1.0, 0.0, 1.0, 3.0, 5.0, 0.0, 6.0, 5.0, 0.0, 0.0, 0.0, 0.0, 0.0, 0.0, 0.0, 0.0, 0.0, 75.0, 12.0, 20.0, 26.0, 108.0, 17.0, 21.0, 40.0, 46.0, 0.0, 11.0, 36.0, 19.0, 60.0, 75.0, 19.0, 3.0, 51.0, 63.0, 83.0, 24.0, 6.0, 16.0, 3.0, 15.0, 0.0, 0.0, 0.0, 0.0, 0.0, 2]
[175.0, 0.0, 0.0, 0.0, 0.0, 0.0, 0.0, 5.0, 0.0, 0.0, 0.0, 0.0, 9.0, 2.0, 8.0, 0.0, 0.0, 0.0, 1.0, 0.0, 0.0, 1.0, 0.0, 1.0, 0.0, 0.0, 1.0, 0.0, 0.0, 0.0, 0.0, 0.0, 0.0, 0.0, 1.0, 3.0, 0.0, 7.0, 2.0, 0.0, 0.0, 1.0, 0.0, 1.0, 1.0, 1.0, 2.0, 0.0, 0.0, 0.0, 0.0, 7.0, 9.0, 1.0, 5.0, 2.0, 0.0, 0.0, 0.0, 0.0, 0.0, 0.0, 0.0, 0.0, 0.0, 70.0, 16.0, 16.0, 27.0, 117.0, 10.0, 23.0, 45.0, 52.0, 1.0, 4.0, 40.0, 16.0, 56.0, 45.0, 19.0, 3.0, 35.0, 58.0, 76.0, 17.0, 11.0, 12.0, 0.0, 17.0, 0.0, 0.0, 0.0, 0.0, 0.0, 2]
[162.0, 0.0, 0.0, 0.0, 0.0, 0.0, 0.0, 0.0, 0.0, 0.0, 0.0, 0.0, 7.0, 2.0, 7.0, 0.0, 4.0, 2.0, 1.0, 1.0, 1.0, 1.0, 0.0, 0.0, 0.0, 0.0, 0.0, 0.0, 0.0, 0.0, 0.0, 0.0, 0.0, 2.0, 3.0, 3.0, 0.0, 9.0, 4.0, 0.0, 0.0, 0.0, 0.0, 0.0, 0.0, 1.0, 3.0, 0.0, 3.0, 0.0, 0.0, 7.0, 11.0, 3.0, 2.0, 0.0, 0.0, 1.0, 0.0, 0.0, 0.0, 0.0, 0.0, 0.0, 0.0, 61.0, 15.0, 11.0, 17.0, 93.0, 8.0, 17.0, 32.0, 50.0, 1.0, 3.0, 36.0, 20.0, 60.0, 61.0, 10.0, 2.0, 37.0, 58.0, 59.0, 16.0, 11.0, 19.0, 1.0, 14.0, 1.0, 0.0, 0.0, 0.0, 0.0, 2]
[278.0, 0.0, 0.0, 0.0, 0.0, 0.0, 0.0, 0.0, 0.0, 0.0, 0.0, 0.0, 11.0, 8.0, 12.0, 0.0, 2.0, 0.0, 3.0, 0.0, 2.0, 0.0, 2.0, 0.0, 0.0, 0.0, 0.0, 0.0, 0.0, 0.0, 0.0, 0.0, 0.0, 2.0, 2.0, 1.0, 2.0, 7.0, 7.0, 3.0, 0.0, 11.0, 2.0, 0.0, 1.0, 1.0, 4.0, 1.0, 2.0, 0.0, 1.0, 3.0, 7.0, 1.0, 3.0, 0.0, 0.0, 0.0, 0.0, 0.0, 0.0, 0.0, 0.0, 0.0, 0.0, 111.0, 18.0, 28.0, 37.0, 158.0, 31.0, 28.0, 65.0, 75.0, 1.0, 15.0, 54.0, 34.0, 78.0, 101.0, 21.0, 2.0, 76.0, 81.0, 114.0, 35.0, 10.0, 24.0, 1.0, 20.0, 0.0, 0.0, 0.0, 0.0, 0.0, 2]
[286.0, 0.0, 0.0, 0.0, 0.0, 0.0, 0.0, 0.0, 0.0, 0.0, 0.0, 0.0, 13.0, 1.0, 11.0, 0.0, 1.0, 2.0, 2.0, 2.0, 2.0, 2.0, 0.0, 1.0, 0.0, 0.0, 0.0, 0.0, 0.0, 0.0, 0.0, 0.0, 0.0, 5.0, 2.0, 4.0, 0.0, 8.0, 3.0, 8.0, 0.0, 2.0, 1.0, 0.0, 0.0, 0.0, 2.0, 1.0, 1.0, 0.0, 1.0, 6.0, 7.0, 0.0, 6.0, 0.0, 0.0, 0.0, 0.0, 0.0, 0.0, 0.0, 0.0, 0.0, 0.0, 112.0, 23.0, 20.0, 35.0, 171.0, 32.0, 38.0, 64.0, 70.0, 2.0, 11.0, 64.0, 27.0, 87.0, 103.0, 20.0, 0.0, 67.0, 86.0, 123.0, 25.0, 12.0, 29.0, 3.0, 24.0, 1.0, 0.0, 0.0, 0.0, 0.0, 2]
[307.0, 0.0, 0.0, 0.0, 0.0, 0.0, 0.0, 0.0, 0.0, 0.0, 0.0, 0.0, 13.0, 3.0, 10.0, 0.0, 4.0, 2.0, 2.0, 1.0, 1.0, 0.0, 1.0, 1.0, 0.0, 1.0, 0.0, 0.0, 0.0, 0.0, 0.0, 0.0, 0.0, 9.0, 1.0, 0.0, 0.0, 5.0, 1.0, 1.0, 0.0, 4.0, 0.0, 0.0, 0.0, 1.0, 3.0, 0.0, 1.0, 0.0, 1.0, 3.0, 9.0, 2.0, 3.0, 0.0, 0.0, 0.0, 0.0, 0.0, 0.0, 0.0, 0.0, 0.0, 0.0, 103.0, 23.0, 28.0, 36.0, 145.0, 36.0, 33.0, 65.0, 83.0, 0.0, 14.0, 78.0, 18.0, 88.0, 112.0, 30.0, 2.0, 65.0, 114.0, 135.0, 53.0, 7.0, 29.0, 1.0, 19.0, 0.0, 0.0, 0.0, 0.0, 0.0, 2]
[132.0, 0.0, 0.0, 0.0, 0.0, 0.0, 1.0, 2.0, 0.0, 0.0, 0.0, 0.0, 10.0, 2.0, 10.0, 0.0, 2.0, 12.0, 1.0, 7.0, 4.0, 4.0, 1.0, 2.0, 2.0, 3.0, 7.0, 0.0, 0.0, 0.0, 0.0, 0.0, 0.0, 7.0, 1.0, 0.0, 0.0, 0.0, 0.0, 1.0, 0.0, 1.0, 0.0, 0.0, 0.0, 2.0, 0.0, 1.0, 2.0, 0.0, 0.0, 1.0, 9.0, 0.0, 1.0, 0.0, 0.0, 0.0, 0.0, 0.0, 0.0, 0.0, 0.0, 0.0, 0.0, 58.0, 10.0, 15.0, 30.0, 49.0, 14.0, 10.0, 23.0, 42.0, 1.0, 5.0, 23.0, 9.0, 45.0, 49.0, 7.0, 1.0, 28.0, 60.0, 38.0, 16.0, 8.0, 11.0, 1.0, 7.0, 0.0, 0.0, 0.0, 0.0, 0.0, 2]
[126.0, 0.0, 0.0, 0.0, 0.0, 0.0, 0.0, 0.0, 0.0, 0.0, 0.0, 0.0, 11.0, 1.0, 6.0, 0.0, 1.0, 2.0, 1.0, 0.0, 0.0, 0.0, 0.0, 0.0, 0.0, 0.0, 0.0, 0.0, 0.0, 0.0, 0.0, 0.0, 0.0, 0.0, 3.0, 4.0, 0.0, 1.0, 1.0, 1.0, 0.0, 1.0, 1.0, 0.0, 1.0, 0.0, 0.0, 0.0, 0.0, 0.0, 1.0, 3.0, 4.0, 0.0, 2.0, 0.0, 0.0, 0.0, 0.0, 0.0, 0.0, 0.0, 0.0, 0.0, 0.0, 52.0, 9.0, 15.0, 9.0, 76.0, 11.0, 12.0, 32.0, 35.0, 0.0, 5.0, 24.0, 15.0, 48.0, 50.0, 10.0, 1.0, 33.0, 40.0, 55.0, 15.0, 12.0, 6.0, 1.0, 9.0, 0.0, 0.0, 0.0, 0.0, 0.0, 2]
[425.0, 0.0, 1.0, 0.0, 0.0, 0.0, 0.0, 2.0, 3.0, 3.0, 0.0, 0.0, 26.0, 3.0, 25.0, 0.0, 1.0, 4.0, 3.0, 4.0, 0.0, 5.0, 2.0, 0.0, 0.0, 2.0, 0.0, 0.0, 0.0, 0.0, 0.0, 1.0, 0.0, 0.0, 4.0, 4.0, 1.0, 5.0, 1.0, 1.0, 12.0, 7.0, 4.0, 1.0, 0.0, 2.0, 0.0, 2.0, 3.0, 1.0, 1.0, 7.0, 11.0, 3.0, 2.0, 4.0, 0.0, 1.0, 0.0, 0.0, 0.0, 0.0, 0.0, 0.0, 0.0, 143.0, 23.0, 41.0, 63.0, 247.0, 53.0, 53.0, 92.0, 93.0, 1.0, 25.0, 55.0, 45.0, 128.0, 151.0, 26.0, 0.0, 114.0, 122.0, 158.0, 44.0, 22.0, 47.0, 4.0, 45.0, 0.0, 0.0, 0.0, 0.0, 0.0, 3]
[102.0, 0.0, 0.0, 0.0, 0.0, 0.0, 0.0, 0.0, 0.0, 0.0, 0.0, 0.0, 8.0, 1.0, 2.0, 0.0, 0.0, 0.0, 5.0, 0.0, 3.0, 1.0, 0.0, 3.0, 0.0, 0.0, 1.0, 0.0, 0.0, 0.0, 0.0, 0.0, 0.0, 0.0, 2.0, 2.0, 0.0, 2.0, 0.0, 4.0, 0.0, 1.0, 0.0, 0.0, 0.0, 0.0, 0.0, 0.0, 2.0, 0.0, 3.0, 1.0, 1.0, 0.0, 3.0, 2.0, 0.0, 0.0, 0.0, 0.0, 0.0, 0.0, 0.0, 0.0, 0.0, 31.0, 4.0, 16.0, 7.0, 58.0, 14.0, 7.0, 17.0, 29.0, 0.0, 11.0, 23.0, 8.0, 31.0, 45.0, 10.0, 1.0, 29.0, 33.0, 36.0, 15.0, 2.0, 14.0, 0.0, 8.0, 0.0, 0.0, 0.0, 0.0, 0.0, 3]
[39.0, 0.0, 0.0, 0.0, 0.0, 0.0, 0.0, 0.0, 0.0, 0.0, 0.0, 0.0, 1.0, 0.0, 4.0, 0.0, 0.0, 0.0, 0.0, 0.0, 0.0, 2.0, 0.0, 1.0, 0.0, 0.0, 0.0, 0.0, 0.0, 0.0, 0.0, 0.0, 0.0, 0.0, 1.0, 0.0, 0.0, 8.0, 0.0, 0.0, 0.0, 3.0, 0.0, 0.0, 0.0, 0.0, 2.0, 0.0, 3.0, 0.0, 0.0, 3.0, 5.0, 4.0, 0.0, 0.0, 0.0, 0.0, 0.0, 0.0, 0.0, 0.0, 0.0, 0.0, 0.0, 12.0, 4.0, 1.0, 5.0, 11.0, 2.0, 3.0, 7.0, 8.0, 0.0, 3.0, 4.0, 4.0, 7.0, 13.0, 1.0, 0.0, 3.0, 6.0, 15.0, 3.0, 1.0, 5.0, 0.0, 1.0, 0.0, 0.0, 0.0, 0.0, 0.0, 3]
[172.0, 0.0, 0.0, 0.0, 0.0, 0.0, 0.0, 0.0, 0.0, 0.0, 0.0, 0.0, 5.0, 2.0, 9.0, 0.0, 0.0, 2.0, 1.0, 1.0, 0.0, 0.0, 0.0, 0.0, 0.0, 0.0, 0.0, 0.0, 0.0, 0.0, 0.0, 0.0, 0.0, 1.0, 1.0, 2.0, 1.0, 7.0, 3.0, 1.0, 1.0, 3.0, 2.0, 0.0, 1.0, 0.0, 4.0, 1.0, 0.0, 0.0, 1.0, 4.0, 5.0, 0.0, 3.0, 2.0, 0.0, 0.0, 0.0, 0.0, 0.0, 0.0, 0.0, 0.0, 0.0, 73.0, 4.0, 16.0, 27.0, 90.0, 24.0, 23.0, 43.0, 47.0, 0.0, 6.0, 29.0, 18.0, 50.0, 55.0, 15.0, 2.0, 38.0, 36.0, 81.0, 17.0, 8.0, 7.0, 1.0, 8.0, 0.0, 0.0, 0.0, 0.0, 0.0, 3]
[135.0, 0.0, 0.0, 0.0, 0.0, 0.0, 0.0, 0.0, 0.0, 0.0, 0.0, 0.0, 5.0, 9.0, 8.0, 0.0, 1.0, 2.0, 0.0, 0.0, 1.0, 0.0, 0.0, 0.0, 0.0, 0.0, 0.0, 0.0, 0.0, 0.0, 0.0, 0.0, 0.0, 3.0, 2.0, 1.0, 0.0, 5.0, 0.0, 4.0, 0.0, 1.0, 2.0, 0.0, 0.0, 0.0, 3.0, 1.0, 1.0, 0.0, 1.0, 3.0, 6.0, 0.0, 1.0, 0.0, 0.0, 0.0, 0.0, 0.0, 0.0, 0.0, 0.0, 0.0, 0.0, 58.0, 16.0, 9.0, 16.0, 88.0, 17.0, 20.0, 27.0, 29.0, 0.0, 10.0, 22.0, 9.0, 46.0, 49.0, 8.0, 0.0, 40.0, 34.0, 66.0, 14.0, 9.0, 9.0, 3.0, 15.0, 0.0, 0.0, 0.0, 0.0, 0.0, 3]
[278.0, 0.0, 0.0, 0.0, 0.0, 0.0, 0.0, 0.0, 0.0, 0.0, 0.0, 0.0, 15.0, 6.0, 16.0, 0.0, 2.0, 5.0, 5.0, 3.0, 2.0, 0.0, 0.0, 2.0, 0.0, 0.0, 1.0, 0.0, 0.0, 0.0, 0.0, 0.0, 0.0, 6.0, 2.0, 0.0, 0.0, 4.0, 1.0, 3.0, 1.0, 3.0, 1.0, 0.0, 0.0, 1.0, 4.0, 2.0, 1.0, 0.0, 1.0, 4.0, 7.0, 2.0, 3.0, 1.0, 0.0, 0.0, 0.0, 0.0, 0.0, 0.0, 0.0, 0.0, 0.0, 100.0, 21.0, 28.0, 45.0, 144.0, 31.0, 30.0, 54.0, 67.0, 0.0, 13.0, 49.0, 24.0, 70.0, 87.0, 21.0, 0.0, 77.0, 84.0, 117.0, 47.0, 5.0, 24.0, 1.0, 26.0, 1.0, 0.0, 0.0, 0.0, 0.0, 3]
[134.0, 0.0, 0.0, 0.0, 0.0, 0.0, 0.0, 0.0, 0.0, 0.0, 0.0, 0.0, 6.0, 2.0, 10.0, 0.0, 0.0, 2.0, 3.0, 1.0, 0.0, 0.0, 0.0, 0.0, 1.0, 1.0, 2.0, 0.0, 0.0, 0.0, 0.0, 1.0, 0.0, 3.0, 1.0, 2.0, 0.0, 0.0, 1.0, 2.0, 0.0, 2.0, 5.0, 2.0, 2.0, 0.0, 2.0, 0.0, 5.0, 0.0, 1.0, 4.0, 2.0, 0.0, 1.0, 1.0, 0.0, 0.0, 0.0, 0.0, 0.0, 0.0, 0.0, 0.0, 0.0, 57.0, 14.0, 21.0, 20.0, 78.0, 9.0, 13.0, 27.0, 40.0, 2.0, 7.0, 24.0, 12.0, 55.0, 48.0, 16.0, 0.0, 30.0, 45.0, 56.0, 15.0, 0.0, 4.0, 0.0, 14.0, 1.0, 0.0, 0.0, 0.0, 0.0, 3]
[120.0, 0.0, 0.0, 0.0, 0.0, 0.0, 0.0, 0.0, 0.0, 0.0, 0.0, 0.0, 8.0, 2.0, 7.0, 0.0, 1.0, 1.0, 2.0, 0.0, 0.0, 0.0, 0.0, 0.0, 0.0, 0.0, 0.0, 0.0, 0.0, 0.0, 0.0, 1.0, 0.0, 0.0, 4.0, 3.0, 2.0, 0.0, 1.0, 2.0, 1.0, 2.0, 0.0, 0.0, 0.0, 3.0, 0.0, 0.0, 0.0, 0.0, 1.0, 6.0, 5.0, 0.0, 0.0, 1.0, 0.0, 0.0, 0.0, 0.0, 0.0, 0.0, 0.0, 0.0, 0.0, 51.0, 6.0, 27.0, 13.0, 68.0, 11.0, 12.0, 34.0, 32.0, 0.0, 8.0, 19.0, 25.0, 43.0, 49.0, 6.0, 0.0, 31.0, 34.0, 50.0, 11.0, 5.0, 7.0, 1.0, 12.0, 0.0, 0.0, 0.0, 0.0, 0.0, 3]
[189.0, 0.0, 0.0, 0.0, 0.0, 0.0, 0.0, 0.0, 0.0, 0.0, 0.0, 0.0, 9.0, 0.0, 11.0, 0.0, 0.0, 0.0, 1.0, 1.0, 0.0, 1.0, 0.0, 0.0, 1.0, 0.0, 0.0, 0.0, 0.0, 0.0, 0.0, 0.0, 0.0, 2.0, 2.0, 1.0, 0.0, 5.0, 0.0, 1.0, 0.0, 13.0, 1.0, 0.0, 0.0, 1.0, 3.0, 0.0, 1.0, 0.0, 1.0, 3.0, 8.0, 0.0, 6.0, 4.0, 0.0, 1.0, 0.0, 0.0, 0.0, 0.0, 0.0, 0.0, 0.0, 63.0, 10.0, 23.0, 20.0, 103.0, 12.0, 25.0, 33.0, 48.0, 2.0, 9.0, 21.0, 24.0, 72.0, 58.0, 11.0, 0.0, 30.0, 71.0, 77.0, 15.0, 8.0, 12.0, 0.0, 9.0, 1.0, 0.0, 0.0, 0.0, 0.0, 4]
[249.0, 0.0, 1.0, 0.0, 0.0, 0.0, 0.0, 1.0, 0.0, 0.0, 0.0, 0.0, 15.0, 0.0, 15.0, 0.0, 1.0, 1.0, 0.0, 0.0, 1.0, 0.0, 0.0, 0.0, 1.0, 0.0, 0.0, 0.0, 0.0, 0.0, 0.0, 0.0, 0.0, 3.0, 6.0, 4.0, 0.0, 10.0, 2.0, 1.0, 1.0, 2.0, 3.0, 1.0, 4.0, 0.0, 3.0, 1.0, 3.0, 0.0, 0.0, 7.0, 9.0, 4.0, 0.0, 0.0, 0.0, 0.0, 0.0, 0.0, 0.0, 0.0, 0.0, 0.0, 0.0, 105.0, 10.0, 45.0, 53.0, 156.0, 21.0, 24.0, 68.0, 71.0, 0.0, 10.0, 50.0, 23.0, 91.0, 87.0, 11.0, 3.0, 69.0, 79.0, 94.0, 31.0, 14.0, 22.0, 1.0, 21.0, 0.0, 0.0, 0.0, 0.0, 0.0, 4]
[114.0, 0.0, 0.0, 0.0, 0.0, 0.0, 0.0, 0.0, 0.0, 0.0, 0.0, 0.0, 5.0, 0.0, 9.0, 0.0, 1.0, 2.0, 0.0, 0.0, 1.0, 2.0, 0.0, 0.0, 0.0, 0.0, 0.0, 0.0, 0.0, 0.0, 0.0, 3.0, 0.0, 5.0, 2.0, 3.0, 2.0, 11.0, 3.0, 1.0, 0.0, 7.0, 0.0, 0.0, 0.0, 0.0, 5.0, 0.0, 6.0, 0.0, 1.0, 6.0, 12.0, 6.0, 0.0, 0.0, 0.0, 1.0, 0.0, 0.0, 0.0, 0.0, 0.0, 0.0, 0.0, 35.0, 6.0, 5.0, 12.0, 56.0, 12.0, 11.0, 16.0, 29.0, 0.0, 3.0, 15.0, 11.0, 27.0, 26.0, 8.0, 1.0, 19.0, 33.0, 45.0, 8.0, 5.0, 6.0, 1.0, 6.0, 0.0, 0.0, 0.0, 0.0, 0.0, 4]
[223.0, 0.0, 0.0, 0.0, 0.0, 0.0, 0.0, 0.0, 0.0, 0.0, 0.0, 0.0, 14.0, 2.0, 13.0, 0.0, 0.0, 0.0, 2.0, 0.0, 1.0, 0.0, 1.0, 0.0, 0.0, 0.0, 0.0, 0.0, 0.0, 0.0, 0.0, 1.0, 0.0, 2.0, 1.0, 0.0, 1.0, 4.0, 6.0, 2.0, 0.0, 15.0, 0.0, 3.0, 1.0, 0.0, 3.0, 3.0, 0.0, 0.0, 1.0, 2.0, 9.0, 0.0, 1.0, 2.0, 0.0, 0.0, 0.0, 0.0, 0.0, 0.0, 0.0, 0.0, 0.0, 62.0, 17.0, 18.0, 29.0, 123.0, 19.0, 31.0, 47.0, 73.0, 3.0, 14.0, 32.0, 30.0, 80.0, 68.0, 16.0, 1.0, 36.0, 63.0, 96.0, 28.0, 13.0, 15.0, 1.0, 14.0, 0.0, 0.0, 0.0, 0.0, 0.0, 4]
[179.0, 0.0, 0.0, 0.0, 0.0, 0.0, 0.0, 0.0, 0.0, 0.0, 0.0, 0.0, 6.0, 1.0, 9.0, 0.0, 0.0, 1.0, 1.0, 0.0, 1.0, 1.0, 0.0, 0.0, 0.0, 0.0, 0.0, 0.0, 0.0, 0.0, 0.0, 0.0, 0.0, 1.0, 1.0, 0.0, 0.0, 6.0, 1.0, 3.0, 0.0, 3.0, 0.0, 0.0, 0.0, 0.0, 3.0, 1.0, 0.0, 0.0, 1.0, 2.0, 8.0, 0.0, 3.0, 0.0, 0.0, 0.0, 0.0, 0.0, 0.0, 0.0, 0.0, 0.0, 0.0, 60.0, 10.0, 17.0, 21.0, 107.0, 11.0, 14.0, 30.0, 42.0, 2.0, 11.0, 37.0, 19.0, 57.0, 66.0, 10.0, 2.0, 35.0, 66.0, 64.0, 20.0, 10.0, 24.0, 1.0, 16.0, 0.0, 0.0, 0.0, 0.0, 0.0, 4]
[289.0, 0.0, 0.0, 0.0, 0.0, 0.0, 0.0, 0.0, 1.0, 1.0, 0.0, 0.0, 8.0, 1.0, 13.0, 0.0, 0.0, 3.0, 1.0, 1.0, 0.0, 0.0, 0.0, 1.0, 0.0, 0.0, 2.0, 0.0, 0.0, 0.0, 0.0, 4.0, 0.0, 10.0, 1.0, 1.0, 0.0, 4.0, 0.0, 0.0, 2.0, 9.0, 2.0, 0.0, 0.0, 1.0, 3.0, 0.0, 1.0, 0.0, 1.0, 4.0, 11.0, 2.0, 3.0, 3.0, 0.0, 1.0, 0.0, 0.0, 0.0, 0.0, 0.0, 0.0, 0.0, 107.0, 29.0, 33.0, 32.0, 165.0, 29.0, 37.0, 67.0, 89.0, 4.0, 14.0, 37.0, 30.0, 120.0, 78.0, 27.0, 4.0, 59.0, 108.0, 116.0, 45.0, 9.0, 10.0, 4.0, 16.0, 1.0, 0.0, 0.0, 0.0, 0.0, 4]
[141.0, 0.0, 0.0, 0.0, 0.0, 0.0, 0.0, 8.0, 0.0, 0.0, 0.0, 0.0, 6.0, 2.0, 5.0, 0.0, 0.0, 0.0, 0.0, 0.0, 0.0, 0.0, 0.0, 0.0, 0.0, 0.0, 0.0, 0.0, 0.0, 0.0, 0.0, 0.0, 0.0, 3.0, 0.0, 0.0, 0.0, 1.0, 0.0, 0.0, 1.0, 8.0, 1.0, 0.0, 0.0, 0.0, 0.0, 0.0, 1.0, 0.0, 1.0, 0.0, 7.0, 0.0, 0.0, 1.0, 0.0, 0.0, 0.0, 0.0, 0.0, 0.0, 0.0, 0.0, 0.0, 59.0, 12.0, 11.0, 9.0, 68.0, 9.0, 16.0, 41.0, 58.0, 1.0, 16.0, 32.0, 17.0, 50.0, 38.0, 9.0, 1.0, 22.0, 43.0, 61.0, 13.0, 6.0, 13.0, 0.0, 7.0, 0.0, 0.0, 0.0, 0.0, 0.0, 4]
[143.0, 0.0, 0.0, 0.0, 0.0, 0.0, 0.0, 0.0, 0.0, 0.0, 0.0, 0.0, 5.0, 0.0, 7.0, 0.0, 0.0, 0.0, 0.0, 0.0, 0.0, 0.0, 0.0, 0.0, 0.0, 0.0, 0.0, 0.0, 0.0, 0.0, 0.0, 0.0, 0.0, 2.0, 1.0, 2.0, 0.0, 1.0, 0.0, 0.0, 0.0, 9.0, 0.0, 0.0, 0.0, 0.0, 0.0, 0.0, 0.0, 0.0, 1.0, 2.0, 5.0, 0.0, 0.0, 1.0, 0.0, 0.0, 0.0, 0.0, 0.0, 0.0, 0.0, 0.0, 0.0, 59.0, 13.0, 16.0, 15.0, 81.0, 8.0, 10.0, 24.0, 31.0, 2.0, 15.0, 39.0, 13.0, 35.0, 38.0, 11.0, 1.0, 35.0, 43.0, 47.0, 14.0, 4.0, 9.0, 0.0, 18.0, 0.0, 0.0, 0.0, 0.0, 0.0, 4]
[189.0, 0.0, 0.0, 0.0, 0.0, 0.0, 0.0, 0.0, 0.0, 0.0, 0.0, 0.0, 7.0, 0.0, 11.0, 0.0, 2.0, 2.0, 3.0, 1.0, 2.0, 0.0, 0.0, 1.0, 1.0, 0.0, 1.0, 0.0, 0.0, 0.0, 0.0, 0.0, 0.0, 3.0, 2.0, 0.0, 0.0, 0.0, 0.0, 0.0, 0.0, 6.0, 0.0, 0.0, 0.0, 2.0, 0.0, 1.0, 0.0, 0.0, 0.0, 0.0, 9.0, 0.0, 5.0, 3.0, 0.0, 0.0, 0.0, 0.0, 0.0, 0.0, 0.0, 0.0, 0.0, 62.0, 13.0, 10.0, 19.0, 128.0, 14.0, 19.0, 41.0, 56.0, 2.0, 3.0, 42.0, 23.0, 66.0, 54.0, 19.0, 0.0, 40.0, 66.0, 71.0, 17.0, 7.0, 15.0, 3.0, 22.0, 0.0, 0.0, 0.0, 0.0, 0.0, 5]
[2.0, 0.0, 2.0, 0.0, 0.0, 0.0, 0.0, 0.0, 0.0, 0.0, 0.0, 0.0, 0.0, 0.0, 0.0, 0.0, 0.0, 0.0, 0.0, 0.0, 0.0, 0.0, 0.0, 0.0, 0.0, 0.0, 1.0, 0.0, 0.0, 0.0, 0.0, 0.0, 0.0, 1.0, 1.0, 0.0, 0.0, 0.0, 0.0, 0.0, 0.0, 0.0, 0.0, 0.0, 0.0, 0.0, 0.0, 0.0, 0.0, 0.0, 0.0, 0.0, 0.0, 0.0, 0.0, 0.0, 0.0, 0.0, 0.0, 0.0, 0.0, 0.0, 0.0, 0.0, 0.0, 1.0, 0.0, 0.0, 0.0, 1.0, 0.0, 2.0, 1.0, 2.0, 0.0, 0.0, 1.0, 0.0, 3.0, 1.0, 0.0, 0.0, 1.0, 1.0, 2.0, 2.0, 0.0, 0.0, 0.0, 0.0, 0.0, 0.0, 0.0, 0.0, 0.0, 5]
[106.0, 0.0, 0.0, 0.0, 0.0, 0.0, 0.0, 0.0, 2.0, 2.0, 0.0, 0.0, 4.0, 3.0, 5.0, 0.0, 1.0, 1.0, 1.0, 2.0, 0.0, 0.0, 1.0, 0.0, 1.0, 0.0, 2.0, 0.0, 0.0, 0.0, 0.0, 0.0, 0.0, 1.0, 2.0, 1.0, 0.0, 3.0, 1.0, 0.0, 0.0, 2.0, 0.0, 0.0, 0.0, 0.0, 0.0, 0.0, 2.0, 0.0, 0.0, 5.0, 10.0, 3.0, 1.0, 0.0, 0.0, 0.0, 0.0, 0.0, 0.0, 0.0, 0.0, 0.0, 0.0, 33.0, 6.0, 7.0, 16.0, 69.0, 10.0, 10.0, 20.0, 27.0, 0.0, 9.0, 27.0, 8.0, 43.0, 35.0, 5.0, 0.0, 15.0, 40.0, 41.0, 9.0, 4.0, 11.0, 0.0, 8.0, 0.0, 0.0, 0.0, 0.0, 0.0, 5]
[183.0, 0.0, 0.0, 0.0, 0.0, 0.0, 0.0, 0.0, 1.0, 1.0, 0.0, 0.0, 4.0, 1.0, 14.0, 0.0, 1.0, 2.0, 1.0, 2.0, 1.0, 0.0, 0.0, 0.0, 0.0, 1.0, 2.0, 0.0, 0.0, 0.0, 0.0, 0.0, 0.0, 2.0, 4.0, 1.0, 0.0, 2.0, 2.0, 1.0, 1.0, 3.0, 0.0, 1.0, 0.0, 1.0, 2.0, 0.0, 2.0, 1.0, 0.0, 4.0, 12.0, 2.0, 3.0, 0.0, 0.0, 0.0, 0.0, 0.0, 0.0, 0.0, 0.0, 0.0, 0.0, 62.0, 5.0, 15.0, 21.0, 116.0, 16.0, 15.0, 49.0, 40.0, 1.0, 7.0, 36.0, 14.0, 50.0, 53.0, 9.0, 0.0, 36.0, 47.0, 80.0, 21.0, 9.0, 15.0, 1.0, 20.0, 1.0, 0.0, 0.0, 0.0, 0.0, 5]
[217.0, 0.0, 0.0, 1.0, 0.0, 0.0, 0.0, 0.0, 1.0, 1.0, 0.0, 0.0, 7.0, 1.0, 17.0, 0.0, 2.0, 1.0, 3.0, 3.0, 2.0, 1.0, 0.0, 0.0, 0.0, 0.0, 2.0, 0.0, 0.0, 0.0, 0.0, 0.0, 0.0, 4.0, 4.0, 1.0, 0.0, 0.0, 5.0, 5.0, 0.0, 3.0, 0.0, 0.0, 0.0, 0.0, 0.0, 1.0, 0.0, 0.0, 0.0, 4.0, 6.0, 0.0, 2.0, 1.0, 0.0, 0.0, 0.0, 0.0, 0.0, 0.0, 0.0, 0.0, 0.0, 70.0, 6.0, 13.0, 31.0, 131.0, 16.0, 30.0, 49.0, 67.0, 0.0, 10.0, 49.0, 20.0, 80.0, 77.0, 13.0, 0.0, 47.0, 74.0, 92.0, 27.0, 11.0, 17.0, 2.0, 12.0, 0.0, 0.0, 0.0, 0.0, 0.0, 5]
[188.0, 0.0, 0.0, 0.0, 0.0, 0.0, 0.0, 0.0, 2.0, 2.0, 0.0, 0.0, 9.0, 3.0, 13.0, 0.0, 1.0, 1.0, 0.0, 1.0, 1.0, 2.0, 0.0, 0.0, 0.0, 1.0, 2.0, 0.0, 0.0, 0.0, 0.0, 0.0, 0.0, 8.0, 2.0, 0.0, 0.0, 0.0, 1.0, 1.0, 0.0, 7.0, 1.0, 0.0, 0.0, 0.0, 0.0, 0.0, 0.0, 0.0, 0.0, 3.0, 8.0, 1.0, 2.0, 1.0, 0.0, 0.0, 0.0, 1.0, 0.0, 1.0, 0.0, 0.0, 0.0, 65.0, 24.0, 18.0, 26.0, 113.0, 15.0, 21.0, 41.0, 35.0, 0.0, 14.0, 26.0, 19.0, 72.0, 58.0, 21.0, 1.0, 49.0, 38.0, 66.0, 35.0, 9.0, 11.0, 1.0, 16.0, 1.0, 0.0, 0.0, 0.0, 0.0, 5]
[239.0, 1.0, 0.0, 2.0, 0.0, 0.0, 0.0, 0.0, 1.0, 1.0, 0.0, 0.0, 13.0, 3.0, 15.0, 0.0, 1.0, 2.0, 2.0, 1.0, 0.0, 3.0, 0.0, 0.0, 0.0, 0.0, 2.0, 0.0, 0.0, 0.0, 0.0, 0.0, 0.0, 7.0, 3.0, 5.0, 0.0, 3.0, 2.0, 0.0, 1.0, 5.0, 1.0, 0.0, 3.0, 1.0, 1.0, 0.0, 2.0, 0.0, 0.0, 5.0, 10.0, 1.0, 3.0, 1.0, 0.0, 0.0, 0.0, 0.0, 0.0, 0.0, 0.0, 0.0, 0.0, 96.0, 23.0, 20.0, 18.0, 126.0, 18.0, 27.0, 41.0, 76.0, 0.0, 10.0, 57.0, 37.0, 73.0, 81.0, 27.0, 2.0, 42.0, 64.0, 89.0, 23.0, 13.0, 24.0, 2.0, 21.0, 1.0, 0.0, 0.0, 0.0, 0.0, 5]
[167.0, 0.0, 0.0, 0.0, 0.0, 0.0, 0.0, 0.0, 2.0, 2.0, 0.0, 0.0, 6.0, 2.0, 9.0, 0.0, 1.0, 2.0, 1.0, 1.0, 0.0, 0.0, 1.0, 0.0, 0.0, 0.0, 2.0, 0.0, 0.0, 0.0, 0.0, 1.0, 0.0, 3.0, 1.0, 4.0, 0.0, 1.0, 0.0, 1.0, 0.0, 3.0, 0.0, 0.0, 0.0, 1.0, 0.0, 0.0, 0.0, 0.0, 0.0, 6.0, 6.0, 1.0, 2.0, 0.0, 0.0, 0.0, 0.0, 0.0, 0.0, 0.0, 0.0, 0.0, 0.0, 66.0, 8.0, 22.0, 21.0, 103.0, 20.0, 17.0, 32.0, 51.0, 2.0, 6.0, 26.0, 19.0, 58.0, 60.0, 17.0, 0.0, 44.0, 51.0, 62.0, 21.0, 9.0, 14.0, 1.0, 12.0, 0.0, 0.0, 0.0, 0.0, 0.0, 5]
[668.0, 1.0, 0.0, 0.0, 0.0, 1.0, 1.0, 0.0, 2.0, 2.0, 0.0, 0.0, 33.0, 8.0, 30.0, 1.0, 10.0, 8.0, 11.0, 1.0, 3.0, 5.0, 1.0, 1.0, 2.0, 1.0, 6.0, 0.0, 0.0, 0.0, 0.0, 2.0, 0.0, 4.0, 6.0, 4.0, 4.0, 1.0, 4.0, 9.0, 3.0, 7.0, 1.0, 2.0, 3.0, 6.0, 3.0, 3.0, 4.0, 0.0, 3.0, 4.0, 25.0, 2.0, 17.0, 22.0, 0.0, 0.0, 0.0, 0.0, 0.0, 0.0, 0.0, 0.0, 0.0, 215.0, 56.0, 46.0, 78.0, 414.0, 71.0, 91.0, 142.0, 206.0, 3.0, 20.0, 117.0, 43.0, 235.0, 232.0, 38.0, 3.0, 158.0, 213.0, 308.0, 67.0, 35.0, 44.0, 4.0, 37.0, 0.0, 0.0, 0.0, 0.0, 0.0, 6]
[303.0, 0.0, 0.0, 0.0, 0.0, 0.0, 0.0, 0.0, 0.0, 0.0, 0.0, 0.0, 14.0, 3.0, 14.0, 0.0, 0.0, 2.0, 3.0, 1.0, 0.0, 1.0, 0.0, 3.0, 0.0, 0.0, 0.0, 0.0, 0.0, 0.0, 0.0, 0.0, 0.0, 0.0, 1.0, 0.0, 3.0, 4.0, 0.0, 3.0, 4.0, 1.0, 2.0, 0.0, 2.0, 5.0, 2.0, 2.0, 0.0, 0.0, 2.0, 4.0, 16.0, 2.0, 5.0, 10.0, 0.0, 0.0, 0.0, 0.0, 0.0, 0.0, 0.0, 0.0, 0.0, 121.0, 16.0, 28.0, 43.0, 187.0, 36.0, 30.0, 65.0, 91.0, 2.0, 15.0, 66.0, 20.0, 109.0, 79.0, 21.0, 3.0, 57.0, 93.0, 125.0, 30.0, 7.0, 26.0, 2.0, 20.0, 0.0, 0.0, 0.0, 0.0, 0.0, 6]
[256.0, 0.0, 0.0, 0.0, 0.0, 0.0, 0.0, 0.0, 0.0, 0.0, 0.0, 0.0, 10.0, 5.0, 12.0, 0.0, 12.0, 11.0, 8.0, 0.0, 2.0, 2.0, 2.0, 1.0, 1.0, 3.0, 0.0, 0.0, 0.0, 0.0, 0.0, 1.0, 0.0, 1.0, 1.0, 1.0, 4.0, 2.0, 0.0, 0.0, 4.0, 4.0, 0.0, 2.0, 0.0, 1.0, 2.0, 0.0, 2.0, 0.0, 0.0, 2.0, 4.0, 2.0, 0.0, 2.0, 0.0, 1.0, 0.0, 0.0, 0.0, 0.0, 0.0, 0.0, 0.0, 84.0, 16.0, 18.0, 29.0, 111.0, 26.0, 34.0, 52.0, 67.0, 4.0, 10.0, 48.0, 21.0, 79.0, 88.0, 12.0, 0.0, 47.0, 76.0, 95.0, 21.0, 4.0, 24.0, 1.0, 13.0, 0.0, 0.0, 0.0, 0.0, 0.0, 6]
[556.0, 0.0, 0.0, 0.0, 0.0, 1.0, 0.0, 0.0, 0.0, 0.0, 0.0, 0.0, 30.0, 4.0, 24.0, 0.0, 3.0, 3.0, 6.0, 5.0, 1.0, 2.0, 3.0, 2.0, 0.0, 0.0, 0.0, 0.0, 0.0, 0.0, 0.0, 0.0, 0.0, 2.0, 3.0, 3.0, 2.0, 4.0, 7.0, 8.0, 1.0, 4.0, 2.0, 3.0, 0.0, 1.0, 1.0, 3.0, 5.0, 0.0, 2.0, 4.0, 23.0, 2.0, 4.0, 8.0, 0.0, 1.0, 0.0, 0.0, 0.0, 0.0, 0.0, 0.0, 0.0, 209.0, 38.0, 44.0, 74.0, 288.0, 56.0, 74.0, 112.0, 158.0, 2.0, 23.0, 101.0, 34.0, 184.0, 159.0, 34.0, 0.0, 109.0, 170.0, 247.0, 60.0, 13.0, 41.0, 2.0, 30.0, 0.0, 0.0, 0.0, 0.0, 0.0, 6]
[422.0, 1.0, 0.0, 0.0, 0.0, 2.0, 0.0, 0.0, 0.0, 0.0, 0.0, 1.0, 21.0, 3.0, 20.0, 1.0, 3.0, 2.0, 3.0, 0.0, 0.0, 2.0, 1.0, 0.0, 1.0, 0.0, 1.0, 0.0, 0.0, 0.0, 0.0, 1.0, 0.0, 5.0, 2.0, 2.0, 2.0, 1.0, 6.0, 10.0, 1.0, 0.0, 3.0, 0.0, 1.0, 2.0, 1.0, 2.0, 1.0, 0.0, 2.0, 2.0, 16.0, 0.0, 4.0, 7.0, 0.0, 0.0, 0.0, 0.0, 0.0, 0.0, 0.0, 0.0, 0.0, 158.0, 24.0, 28.0, 75.0, 229.0, 36.0, 59.0, 97.0, 122.0, 5.0, 22.0, 83.0, 39.0, 126.0, 150.0, 34.0, 1.0, 88.0, 135.0, 167.0, 40.0, 7.0, 26.0, 0.0, 25.0, 2.0, 0.0, 0.0, 0.0, 0.0, 6]
[359.0, 1.0, 0.0, 0.0, 0.0, 4.0, 0.0, 0.0, 0.0, 0.0, 0.0, 0.0, 11.0, 1.0, 17.0, 0.0, 10.0, 5.0, 1.0, 2.0, 3.0, 0.0, 1.0, 1.0, 0.0, 0.0, 1.0, 0.0, 0.0, 0.0, 0.0, 1.0, 0.0, 10.0, 1.0, 0.0, 0.0, 0.0, 4.0, 2.0, 1.0, 1.0, 0.0, 0.0, 1.0, 1.0, 0.0, 2.0, 0.0, 0.0, 2.0, 3.0, 18.0, 1.0, 2.0, 9.0, 0.0, 0.0, 0.0, 0.0, 0.0, 0.0, 0.0, 0.0, 0.0, 110.0, 28.0, 28.0, 39.0, 228.0, 51.0, 59.0, 83.0, 110.0, 3.0, 13.0, 62.0, 32.0, 137.0, 97.0, 27.0, 0.0, 86.0, 123.0, 133.0, 49.0, 20.0, 29.0, 0.0, 19.0, 0.0, 0.0, 0.0, 0.0, 0.0, 6]
[62.0, 0.0, 0.0, 0.0, 0.0, 0.0, 0.0, 0.0, 0.0, 0.0, 0.0, 0.0, 6.0, 0.0, 5.0, 0.0, 0.0, 0.0, 3.0, 0.0, 1.0, 0.0, 0.0, 0.0, 2.0, 0.0, 1.0, 0.0, 0.0, 0.0, 0.0, 1.0, 0.0, 0.0, 0.0, 1.0, 0.0, 0.0, 0.0, 0.0, 1.0, 6.0, 0.0, 1.0, 0.0, 1.0, 0.0, 0.0, 0.0, 0.0, 0.0, 0.0, 3.0, 1.0, 4.0, 4.0, 0.0, 0.0, 0.0, 0.0, 0.0, 0.0, 0.0, 0.0, 0.0, 18.0, 4.0, 7.0, 4.0, 44.0, 2.0, 6.0, 10.0, 17.0, 1.0, 5.0, 12.0, 3.0, 27.0, 13.0, 4.0, 0.0, 8.0, 18.0, 25.0, 2.0, 3.0, 3.0, 0.0, 6.0, 0.0, 0.0, 0.0, 0.0, 0.0, 7]
[33.0, 0.0, 0.0, 0.0, 0.0, 0.0, 0.0, 0.0, 1.0, 1.0, 0.0, 0.0, 1.0, 1.0, 3.0, 0.0, 1.0, 2.0, 0.0, 1.0, 1.0, 1.0, 0.0, 0.0, 0.0, 0.0, 2.0, 0.0, 0.0, 0.0, 0.0, 0.0, 0.0, 0.0, 1.0, 1.0, 0.0, 2.0, 0.0, 0.0, 1.0, 1.0, 0.0, 2.0, 0.0, 0.0, 0.0, 0.0, 0.0, 0.0, 0.0, 3.0, 5.0, 2.0, 0.0, 0.0, 0.0, 0.0, 0.0, 0.0, 0.0, 0.0, 0.0, 0.0, 0.0, 7.0, 1.0, 1.0, 4.0, 24.0, 5.0, 3.0, 5.0, 10.0, 1.0, 0.0, 4.0, 1.0, 21.0, 14.0, 3.0, 0.0, 5.0, 14.0, 14.0, 7.0, 1.0, 3.0, 0.0, 2.0, 0.0, 0.0, 0.0, 0.0, 0.0, 7]
[46.0, 0.0, 0.0, 0.0, 0.0, 0.0, 0.0, 0.0, 1.0, 1.0, 0.0, 0.0, 2.0, 2.0, 2.0, 0.0, 1.0, 3.0, 0.0, 0.0, 1.0, 1.0, 0.0, 0.0, 0.0, 0.0, 2.0, 0.0, 0.0, 0.0, 0.0, 0.0, 0.0, 0.0, 0.0, 1.0, 0.0, 3.0, 1.0, 0.0, 0.0, 0.0, 0.0, 1.0, 0.0, 1.0, 0.0, 0.0, 2.0, 0.0, 0.0, 2.0, 6.0, 3.0, 1.0, 0.0, 0.0, 0.0, 0.0, 0.0, 0.0, 0.0, 0.0, 0.0, 0.0, 15.0, 7.0, 2.0, 7.0, 26.0, 2.0, 1.0, 11.0, 7.0, 0.0, 0.0, 11.0, 3.0, 22.0, 17.0, 5.0, 0.0, 10.0, 14.0, 11.0, 5.0, 1.0, 2.0, 0.0, 4.0, 0.0, 0.0, 0.0, 0.0, 0.0, 7]
[83.0, 0.0, 0.0, 0.0, 0.0, 0.0, 0.0, 0.0, 1.0, 1.0, 0.0, 0.0, 3.0, 1.0, 4.0, 0.0, 0.0, 3.0, 1.0, 1.0, 0.0, 0.0, 0.0, 1.0, 0.0, 0.0, 2.0, 0.0, 0.0, 0.0, 0.0, 0.0, 0.0, 1.0, 0.0, 1.0, 0.0, 0.0, 3.0, 0.0, 0.0, 6.0, 0.0, 1.0, 0.0, 0.0, 0.0, 0.0, 0.0, 0.0, 0.0, 1.0, 3.0, 0.0, 1.0, 0.0, 0.0, 0.0, 0.0, 0.0, 0.0, 0.0, 0.0, 0.0, 0.0, 29.0, 8.0, 11.0, 12.0, 45.0, 4.0, 7.0, 17.0, 24.0, 2.0, 4.0, 13.0, 8.0, 30.0, 21.0, 5.0, 1.0, 15.0, 25.0, 33.0, 11.0, 4.0, 5.0, 0.0, 9.0, 0.0, 0.0, 0.0, 0.0, 0.0, 7]
[63.0, 0.0, 0.0, 0.0, 0.0, 0.0, 0.0, 0.0, 1.0, 1.0, 0.0, 0.0, 5.0, 2.0, 3.0, 0.0, 0.0, 2.0, 1.0, 1.0, 1.0, 1.0, 0.0, 0.0, 1.0, 2.0, 2.0, 0.0, 0.0, 0.0, 0.0, 0.0, 0.0, 2.0, 1.0, 2.0, 0.0, 1.0, 1.0, 5.0, 0.0, 3.0, 1.0, 1.0, 1.0, 0.0, 0.0, 0.0, 0.0, 0.0, 0.0, 1.0, 3.0, 0.0, 0.0, 0.0, 0.0, 0.0, 0.0, 0.0, 0.0, 0.0, 0.0, 0.0, 0.0, 20.0, 4.0, 6.0, 7.0, 37.0, 6.0, 9.0, 11.0, 26.0, 0.0, 4.0, 18.0, 4.0, 25.0, 23.0, 5.0, 1.0, 15.0, 20.0, 27.0, 10.0, 1.0, 7.0, 1.0, 4.0, 3.0, 0.0, 0.0, 0.0, 0.0, 7]
[76.0, 0.0, 0.0, 0.0, 0.0, 0.0, 0.0, 0.0, 1.0, 1.0, 0.0, 0.0, 2.0, 1.0, 4.0, 0.0, 0.0, 3.0, 0.0, 2.0, 1.0, 0.0, 0.0, 0.0, 0.0, 0.0, 2.0, 0.0, 0.0, 0.0, 0.0, 0.0, 0.0, 5.0, 0.0, 1.0, 0.0, 0.0, 0.0, 0.0, 0.0, 1.0, 0.0, 1.0, 0.0, 1.0, 0.0, 0.0, 0.0, 0.0, 0.0, 2.0, 6.0, 0.0, 1.0, 0.0, 0.0, 0.0, 0.0, 0.0, 0.0, 0.0, 0.0, 0.0, 0.0, 33.0, 12.0, 6.0, 8.0, 61.0, 10.0, 11.0, 19.0, 32.0, 0.0, 1.0, 12.0, 8.0, 41.0, 23.0, 13.0, 0.0, 17.0, 45.0, 31.0, 13.0, 4.0, 2.0, 0.0, 2.0, 0.0, 0.0, 0.0, 0.0, 0.0, 7]
[86.0, 0.0, 0.0, 0.0, 0.0, 0.0, 0.0, 0.0, 1.0, 1.0, 0.0, 0.0, 3.0, 3.0, 3.0, 0.0, 1.0, 1.0, 2.0, 0.0, 3.0, 1.0, 0.0, 0.0, 0.0, 0.0, 2.0, 0.0, 0.0, 0.0, 0.0, 0.0, 0.0, 3.0, 0.0, 2.0, 0.0, 1.0, 0.0, 0.0, 0.0, 0.0, 0.0, 1.0, 0.0, 0.0, 0.0, 0.0, 0.0, 0.0, 0.0, 3.0, 3.0, 0.0, 2.0, 2.0, 0.0, 0.0, 0.0, 0.0, 0.0, 0.0, 0.0, 0.0, 0.0, 36.0, 6.0, 5.0, 9.0, 58.0, 5.0, 9.0, 18.0, 23.0, 0.0, 3.0, 15.0, 8.0, 38.0, 28.0, 8.0, 1.0, 19.0, 36.0, 39.0, 5.0, 4.0, 4.0, 0.0, 4.0, 0.0, 0.0, 0.0, 0.0, 0.0, 7]
[82.0, 0.0, 0.0, 0.0, 0.0, 0.0, 0.0, 0.0, 1.0, 1.0, 0.0, 0.0, 3.0, 1.0, 3.0, 0.0, 0.0, 0.0, 3.0, 1.0, 0.0, 1.0, 0.0, 1.0, 0.0, 0.0, 2.0, 0.0, 0.0, 0.0, 0.0, 0.0, 0.0, 0.0, 0.0, 3.0, 0.0, 0.0, 0.0, 1.0, 0.0, 2.0, 0.0, 1.0, 0.0, 0.0, 0.0, 0.0, 0.0, 0.0, 0.0, 4.0, 4.0, 0.0, 1.0, 0.0, 0.0, 0.0, 0.0, 0.0, 0.0, 0.0, 0.0, 0.0, 0.0, 26.0, 5.0, 6.0, 8.0, 46.0, 8.0, 11.0, 19.0, 23.0, 1.0, 4.0, 11.0, 8.0, 28.0, 33.0, 7.0, 0.0, 17.0, 22.0, 39.0, 9.0, 2.0, 5.0, 0.0, 7.0, 0.0, 0.0, 0.0, 0.0, 0.0, 7]
[110.0, 0.0, 0.0, 0.0, 0.0, 0.0, 0.0, 0.0, 0.0, 0.0, 0.0, 0.0, 5.0, 1.0, 10.0, 0.0, 0.0, 0.0, 1.0, 1.0, 1.0, 0.0, 0.0, 0.0, 1.0, 0.0, 1.0, 0.0, 0.0, 0.0, 0.0, 1.0, 0.0, 1.0, 2.0, 2.0, 0.0, 1.0, 0.0, 1.0, 0.0, 11.0, 2.0, 0.0, 0.0, 0.0, 0.0, 0.0, 2.0, 0.0, 0.0, 3.0, 4.0, 1.0, 5.0, 4.0, 0.0, 0.0, 0.0, 0.0, 0.0, 0.0, 0.0, 0.0, 0.0, 28.0, 6.0, 9.0, 9.0, 78.0, 8.0, 11.0, 17.0, 40.0, 1.0, 8.0, 21.0, 9.0, 36.0, 25.0, 6.0, 0.0, 16.0, 37.0, 46.0, 11.0, 8.0, 5.0, 0.0, 5.0, 0.0, 0.0, 0.0, 0.0, 0.0, 8]
[300.0, 0.0, 3.0, 0.0, 0.0, 0.0, 0.0, 2.0, 0.0, 0.0, 0.0, 0.0, 13.0, 13.0, 26.0, 0.0, 1.0, 9.0, 1.0, 8.0, 3.0, 5.0, 0.0, 3.0, 4.0, 2.0, 1.0, 0.0, 0.0, 0.0, 0.0, 1.0, 0.0, 1.0, 5.0, 6.0, 4.0, 4.0, 0.0, 4.0, 2.0, 3.0, 7.0, 3.0, 0.0, 1.0, 2.0, 1.0, 3.0, 0.0, 2.0, 7.0, 14.0, 5.0, 5.0, 1.0, 0.0, 0.0, 0.0, 0.0, 0.0, 0.0, 0.0, 0.0, 0.0, 139.0, 12.0, 42.0, 74.0, 178.0, 44.0, 32.0, 58.0, 80.0, 1.0, 11.0, 66.0, 28.0, 102.0, 91.0, 33.0, 4.0, 103.0, 108.0, 102.0, 38.0, 9.0, 26.0, 3.0, 38.0, 1.0, 0.0, 0.0, 0.0, 0.0, 8]
[194.0, 0.0, 4.0, 0.0, 0.0, 0.0, 0.0, 1.0, 2.0, 2.0, 0.0, 0.0, 8.0, 6.0, 13.0, 0.0, 4.0, 4.0, 5.0, 1.0, 2.0, 2.0, 0.0, 0.0, 2.0, 1.0, 0.0, 0.0, 0.0, 0.0, 0.0, 0.0, 0.0, 2.0, 0.0, 4.0, 1.0, 5.0, 1.0, 0.0, 1.0, 2.0, 1.0, 0.0, 0.0, 2.0, 0.0, 1.0, 5.0, 0.0, 0.0, 5.0, 10.0, 4.0, 4.0, 2.0, 0.0, 0.0, 0.0, 0.0, 0.0, 0.0, 0.0, 0.0, 0.0, 65.0, 11.0, 7.0, 40.0, 107.0, 20.0, 18.0, 39.0, 54.0, 0.0, 4.0, 36.0, 8.0, 59.0, 67.0, 14.0, 2.0, 57.0, 68.0, 88.0, 23.0, 5.0, 17.0, 1.0, 18.0, 1.0, 0.0, 0.0, 0.0, 0.0, 8]
[342.0, 0.0, 0.0, 0.0, 0.0, 0.0, 0.0, 0.0, 5.0, 5.0, 0.0, 0.0, 19.0, 7.0, 19.0, 0.0, 3.0, 2.0, 3.0, 2.0, 2.0, 1.0, 0.0, 3.0, 1.0, 1.0, 0.0, 0.0, 0.0, 0.0, 0.0, 0.0, 0.0, 1.0, 2.0, 1.0, 0.0, 8.0, 6.0, 2.0, 0.0, 7.0, 2.0, 0.0, 0.0, 0.0, 2.0, 0.0, 11.0, 0.0, 0.0, 11.0, 13.0, 5.0, 3.0, 5.0, 0.0, 0.0, 0.0, 0.0, 0.0, 0.0, 0.0, 0.0, 0.0, 135.0, 19.0, 31.0, 46.0, 176.0, 34.0, 37.0, 79.0, 83.0, 0.0, 15.0, 38.0, 23.0, 96.0, 99.0, 16.0, 1.0, 91.0, 97.0, 148.0, 42.0, 18.0, 30.0, 3.0, 34.0, 2.0, 0.0, 0.0, 0.0, 0.0, 8]
[187.0, 0.0, 3.0, 0.0, 0.0, 0.0, 0.0, 3.0, 3.0, 3.0, 0.0, 0.0, 12.0, 11.0, 19.0, 0.0, 9.0, 3.0, 13.0, 9.0, 6.0, 1.0, 2.0, 2.0, 0.0, 6.0, 1.0, 0.0, 0.0, 0.0, 0.0, 0.0, 0.0, 2.0, 6.0, 5.0, 5.0, 5.0, 1.0, 5.0, 3.0, 0.0, 3.0, 0.0, 1.0, 2.0, 1.0, 0.0, 2.0, 0.0, 1.0, 8.0, 11.0, 0.0, 2.0, 0.0, 0.0, 0.0, 0.0, 0.0, 0.0, 0.0, 0.0, 0.0, 0.0, 65.0, 7.0, 23.0, 37.0, 104.0, 16.0, 22.0, 46.0, 57.0, 1.0, 9.0, 29.0, 15.0, 43.0, 59.0, 14.0, 1.0, 64.0, 59.0, 62.0, 19.0, 9.0, 22.0, 2.0, 19.0, 0.0, 0.0, 0.0, 0.0, 0.0, 8]
[580.0, 0.0, 11.0, 0.0, 0.0, 0.0, 0.0, 4.0, 2.0, 2.0, 0.0, 0.0, 24.0, 23.0, 46.0, 0.0, 5.0, 13.0, 14.0, 9.0, 4.0, 4.0, 1.0, 4.0, 2.0, 1.0, 3.0, 0.0, 0.0, 0.0, 0.0, 0.0, 0.0, 12.0, 3.0, 8.0, 2.0, 5.0, 1.0, 8.0, 8.0, 10.0, 14.0, 2.0, 1.0, 0.0, 4.0, 1.0, 6.0, 0.0, 3.0, 16.0, 23.0, 3.0, 6.0, 5.0, 0.0, 0.0, 0.0, 0.0, 0.0, 0.0, 0.0, 0.0, 0.0, 248.0, 40.0, 57.0, 112.0, 315.0, 69.0, 77.0, 127.0, 164.0, 1.0, 30.0, 88.0, 48.0, 210.0, 193.0, 39.0, 7.0, 176.0, 172.0, 246.0, 81.0, 25.0, 43.0, 1.0, 33.0, 1.0, 0.0, 0.0, 0.0, 0.0, 8]
[97.0, 0.0, 2.0, 0.0, 0.0, 0.0, 0.0, 4.0, 2.0, 2.0, 0.0, 0.0, 4.0, 4.0, 5.0, 0.0, 3.0, 5.0, 2.0, 2.0, 1.0, 0.0, 1.0, 1.0, 0.0, 0.0, 1.0, 0.0, 0.0, 0.0, 0.0, 2.0, 0.0, 7.0, 2.0, 2.0, 0.0, 2.0, 0.0, 0.0, 0.0, 1.0, 2.0, 1.0, 0.0, 0.0, 2.0, 1.0, 0.0, 0.0, 1.0, 6.0, 6.0, 0.0, 4.0, 0.0, 0.0, 0.0, 0.0, 0.0, 0.0, 0.0, 0.0, 0.0, 0.0, 37.0, 7.0, 9.0, 9.0, 65.0, 8.0, 5.0, 22.0, 23.0, 1.0, 3.0, 20.0, 10.0, 28.0, 34.0, 6.0, 0.0, 26.0, 38.0, 36.0, 8.0, 10.0, 7.0, 2.0, 7.0, 0.0, 0.0, 0.0, 0.0, 0.0, 8]
[496.0, 0.0, 0.0, 0.0, 0.0, 0.0, 0.0, 1.0, 2.0, 2.0, 0.0, 0.0, 27.0, 16.0, 42.0, 0.0, 5.0, 9.0, 12.0, 5.0, 7.0, 5.0, 2.0, 2.0, 1.0, 4.0, 1.0, 0.0, 0.0, 0.0, 0.0, 0.0, 0.0, 7.0, 3.0, 13.0, 1.0, 2.0, 2.0, 3.0, 3.0, 7.0, 3.0, 2.0, 1.0, 2.0, 5.0, 4.0, 6.0, 0.0, 4.0, 15.0, 17.0, 2.0, 9.0, 3.0, 0.0, 0.0, 0.0, 0.0, 0.0, 0.0, 0.0, 0.0, 0.0, 201.0, 23.0, 53.0, 96.0, 283.0, 54.0, 47.0, 100.0, 141.0, 4.0, 21.0, 101.0, 41.0, 172.0, 183.0, 29.0, 1.0, 128.0, 184.0, 213.0, 72.0, 17.0, 38.0, 1.0, 36.0, 2.0, 0.0, 0.0, 0.0, 0.0, 8]
[62.0, 0.0, 0.0, 0.0, 0.0, 0.0, 0.0, 0.0, 0.0, 0.0, 0.0, 0.0, 4.0, 1.0, 5.0, 0.0, 0.0, 1.0, 0.0, 1.0, 1.0, 0.0, 1.0, 0.0, 0.0, 0.0, 1.0, 0.0, 0.0, 0.0, 0.0, 0.0, 0.0, 0.0, 0.0, 0.0, 0.0, 0.0, 0.0, 1.0, 1.0, 2.0, 1.0, 0.0, 0.0, 0.0, 0.0, 0.0, 1.0, 0.0, 0.0, 0.0, 3.0, 0.0, 4.0, 4.0, 0.0, 0.0, 0.0, 0.0, 0.0, 0.0, 0.0, 0.0, 0.0, 27.0, 7.0, 7.0, 6.0, 35.0, 2.0, 9.0, 10.0, 24.0, 0.0, 3.0, 9.0, 6.0, 21.0, 20.0, 7.0, 1.0, 16.0, 23.0, 27.0, 7.0, 3.0, 3.0, 2.0, 3.0, 0.0, 0.0, 0.0, 0.0, 0.0, 9]
[218.0, 0.0, 0.0, 0.0, 0.0, 0.0, 0.0, 0.0, 0.0, 0.0, 0.0, 0.0, 9.0, 2.0, 15.0, 0.0, 5.0, 4.0, 1.0, 0.0, 4.0, 0.0, 0.0, 0.0, 1.0, 0.0, 0.0, 0.0, 0.0, 0.0, 0.0, 0.0, 0.0, 0.0, 3.0, 0.0, 0.0, 3.0, 2.0, 1.0, 0.0, 2.0, 2.0, 0.0, 2.0, 2.0, 0.0, 0.0, 0.0, 0.0, 0.0, 3.0, 14.0, 6.0, 3.0, 0.0, 0.0, 0.0, 0.0, 0.0, 0.0, 0.0, 0.0, 0.0, 0.0, 82.0, 9.0, 26.0, 47.0, 108.0, 28.0, 27.0, 47.0, 51.0, 0.0, 13.0, 34.0, 15.0, 80.0, 81.0, 19.0, 5.0, 75.0, 72.0, 88.0, 30.0, 5.0, 20.0, 1.0, 22.0, 1.0, 0.0, 0.0, 0.0, 0.0, 9]
[222.0, 0.0, 0.0, 0.0, 0.0, 0.0, 0.0, 0.0, 2.0, 2.0, 0.0, 0.0, 6.0, 6.0, 15.0, 0.0, 8.0, 4.0, 6.0, 3.0, 3.0, 4.0, 3.0, 0.0, 0.0, 0.0, 0.0, 0.0, 0.0, 0.0, 0.0, 0.0, 0.0, 1.0, 2.0, 0.0, 0.0, 2.0, 0.0, 1.0, 0.0, 1.0, 2.0, 0.0, 0.0, 1.0, 1.0, 0.0, 4.0, 0.0, 0.0, 3.0, 12.0, 4.0, 3.0, 2.0, 0.0, 0.0, 0.0, 0.0, 0.0, 0.0, 0.0, 0.0, 0.0, 93.0, 11.0, 18.0, 49.0, 118.0, 19.0, 18.0, 48.0, 62.0, 0.0, 7.0, 41.0, 14.0, 77.0, 70.0, 15.0, 0.0, 60.0, 70.0, 106.0, 31.0, 11.0, 17.0, 0.0, 25.0, 1.0, 0.0, 0.0, 0.0, 0.0, 9]
[187.0, 0.0, 3.0, 0.0, 0.0, 0.0, 0.0, 3.0, 0.0, 0.0, 0.0, 0.0, 1.0, 1.0, 15.0, 0.0, 0.0, 3.0, 1.0, 0.0, 2.0, 0.0, 1.0, 2.0, 1.0, 0.0, 0.0, 0.0, 0.0, 0.0, 0.0, 0.0, 0.0, 0.0, 0.0, 3.0, 0.0, 0.0, 2.0, 6.0, 2.0, 5.0, 5.0, 1.0, 0.0, 0.0, 0.0, 0.0, 3.0, 0.0, 0.0, 2.0, 4.0, 2.0, 2.0, 2.0, 0.0, 0.0, 0.0, 0.0, 0.0, 0.0, 0.0, 0.0, 0.0, 71.0, 7.0, 16.0, 20.0, 96.0, 17.0, 24.0, 43.0, 51.0, 2.0, 10.0, 24.0, 13.0, 61.0, 55.0, 9.0, 3.0, 45.0, 41.0, 86.0, 20.0, 3.0, 12.0, 1.0, 11.0, 0.0, 0.0, 0.0, 0.0, 0.0, 9]
[591.0, 0.0, 0.0, 0.0, 0.0, 0.0, 0.0, 1.0, 0.0, 0.0, 0.0, 0.0, 23.0, 8.0, 36.0, 0.0, 3.0, 1.0, 1.0, 1.0, 1.0, 3.0, 0.0, 0.0, 1.0, 0.0, 3.0, 0.0, 0.0, 0.0, 0.0, 1.0, 0.0, 6.0, 7.0, 6.0, 5.0, 4.0, 6.0, 9.0, 2.0, 6.0, 5.0, 0.0, 1.0, 0.0, 2.0, 2.0, 1.0, 1.0, 0.0, 7.0, 30.0, 8.0, 11.0, 2.0, 0.0, 0.0, 0.0, 0.0, 0.0, 0.0, 0.0, 0.0, 0.0, 248.0, 26.0, 50.0, 109.0, 338.0, 80.0, 58.0, 140.0, 147.0, 2.0, 29.0, 138.0, 43.0, 189.0, 197.0, 58.0, 8.0, 152.0, 194.0, 237.0, 81.0, 26.0, 49.0, 2.0, 49.0, 3.0, 0.0, 0.0, 0.0, 0.0, 9]
[593.0, 0.0, 0.0, 0.0, 0.0, 0.0, 0.0, 0.0, 2.0, 2.0, 0.0, 0.0, 18.0, 19.0, 41.0, 0.0, 2.0, 5.0, 5.0, 6.0, 3.0, 3.0, 0.0, 2.0, 3.0, 0.0, 5.0, 0.0, 0.0, 0.0, 0.0, 1.0, 0.0, 15.0, 11.0, 9.0, 1.0, 3.0, 1.0, 10.0, 9.0, 3.0, 8.0, 2.0, 0.0, 1.0, 2.0, 1.0, 3.0, 0.0, 2.0, 12.0, 27.0, 6.0, 9.0, 0.0, 0.0, 0.0, 0.0, 0.0, 0.0, 0.0, 0.0, 0.0, 0.0, 259.0, 43.0, 64.0, 119.0, 324.0, 70.0, 64.0, 132.0, 149.0, 0.0, 28.0, 114.0, 60.0, 208.0, 199.0, 53.0, 6.0, 162.0, 173.0, 239.0, 93.0, 23.0, 42.0, 3.0, 50.0, 2.0, 0.0, 0.0, 0.0, 0.0, 9]
[170.0, 0.0, 0.0, 0.0, 0.0, 0.0, 0.0, 2.0, 0.0, 0.0, 0.0, 0.0, 3.0, 2.0, 12.0, 0.0, 3.0, 2.0, 1.0, 2.0, 0.0, 1.0, 1.0, 0.0, 1.0, 0.0, 0.0, 0.0, 0.0, 0.0, 0.0, 0.0, 0.0, 2.0, 2.0, 5.0, 0.0, 0.0, 0.0, 5.0, 4.0, 0.0, 3.0, 1.0, 0.0, 1.0, 1.0, 0.0, 2.0, 0.0, 0.0, 3.0, 6.0, 2.0, 1.0, 1.0, 0.0, 0.0, 0.0, 0.0, 0.0, 0.0, 0.0, 0.0, 0.0, 82.0, 6.0, 14.0, 33.0, 96.0, 17.0, 11.0, 41.0, 38.0, 3.0, 8.0, 29.0, 20.0, 58.0, 56.0, 10.0, 2.0, 56.0, 35.0, 66.0, 22.0, 5.0, 15.0, 0.0, 11.0, 0.0, 0.0, 0.0, 0.0, 0.0, 9]
[480.0, 0.0, 0.0, 0.0, 0.0, 0.0, 0.0, 3.0, 0.0, 0.0, 0.0, 0.0, 10.0, 10.0, 41.0, 0.0, 0.0, 6.0, 7.0, 1.0, 4.0, 2.0, 2.0, 3.0, 0.0, 0.0, 5.0, 0.0, 0.0, 0.0, 0.0, 1.0, 0.0, 2.0, 13.0, 17.0, 4.0, 3.0, 1.0, 10.0, 4.0, 3.0, 6.0, 0.0, 1.0, 4.0, 1.0, 1.0, 2.0, 0.0, 0.0, 15.0, 27.0, 6.0, 12.0, 1.0, 0.0, 0.0, 0.0, 0.0, 0.0, 0.0, 0.0, 0.0, 0.0, 202.0, 20.0, 49.0, 101.0, 278.0, 63.0, 54.0, 118.0, 119.0, 1.0, 18.0, 96.0, 42.0, 181.0, 173.0, 29.0, 4.0, 115.0, 154.0, 200.0, 61.0, 13.0, 45.0, 2.0, 38.0, 3.0, 0.0, 0.0, 0.0, 0.0, 9]
[265.0, 0.0, 0.0, 0.0, 0.0, 0.0, 0.0, 0.0, 1.0, 1.0, 0.0, 0.0, 8.0, 5.0, 16.0, 0.0, 3.0, 7.0, 2.0, 2.0, 8.0, 2.0, 0.0, 1.0, 3.0, 0.0, 2.0, 0.0, 0.0, 0.0, 0.0, 1.0, 0.0, 3.0, 0.0, 1.0, 1.0, 0.0, 3.0, 3.0, 1.0, 2.0, 0.0, 0.0, 1.0, 2.0, 1.0, 2.0, 0.0, 0.0, 0.0, 1.0, 6.0, 0.0, 7.0, 5.0, 0.0, 0.0, 0.0, 0.0, 0.0, 0.0, 0.0, 0.0, 0.0, 87.0, 16.0, 19.0, 46.0, 133.0, 37.0, 26.0, 54.0, 73.0, 1.0, 7.0, 59.0, 18.0, 70.0, 90.0, 19.0, 0.0, 61.0, 79.0, 115.0, 27.0, 15.0, 25.0, 1.0, 17.0, 0.0, 0.0, 0.0, 0.0, 0.0, 10]
[49.0, 0.0, 0.0, 0.0, 0.0, 0.0, 0.0, 0.0, 0.0, 0.0, 0.0, 0.0, 3.0, 1.0, 3.0, 0.0, 1.0, 2.0, 1.0, 0.0, 0.0, 0.0, 0.0, 0.0, 0.0, 0.0, 0.0, 0.0, 0.0, 0.0, 0.0, 0.0, 0.0, 0.0, 1.0, 0.0, 0.0, 0.0, 1.0, 0.0, 0.0, 1.0, 1.0, 0.0, 0.0, 0.0, 0.0, 0.0, 0.0, 0.0, 0.0, 1.0, 1.0, 0.0, 1.0, 0.0, 0.0, 0.0, 0.0, 0.0, 0.0, 0.0, 0.0, 0.0, 0.0, 20.0, 4.0, 7.0, 5.0, 24.0, 6.0, 4.0, 12.0, 13.0, 0.0, 7.0, 7.0, 2.0, 18.0, 14.0, 0.0, 0.0, 7.0, 21.0, 23.0, 9.0, 0.0, 3.0, 0.0, 3.0, 0.0, 0.0, 0.0, 0.0, 0.0, 10]
[387.0, 0.0, 0.0, 0.0, 0.0, 0.0, 0.0, 0.0, 0.0, 0.0, 0.0, 0.0, 9.0, 17.0, 17.0, 0.0, 6.0, 6.0, 3.0, 6.0, 1.0, 3.0, 1.0, 0.0, 1.0, 1.0, 0.0, 0.0, 0.0, 0.0, 0.0, 0.0, 0.0, 4.0, 7.0, 4.0, 1.0, 7.0, 2.0, 3.0, 0.0, 2.0, 6.0, 0.0, 2.0, 7.0, 0.0, 0.0, 9.0, 0.0, 1.0, 1.0, 11.0, 7.0, 9.0, 0.0, 0.0, 0.0, 0.0, 0.0, 0.0, 0.0, 0.0, 0.0, 0.0, 151.0, 19.0, 27.0, 85.0, 225.0, 53.0, 24.0, 74.0, 83.0, 0.0, 13.0, 79.0, 27.0, 131.0, 133.0, 27.0, 2.0, 96.0, 101.0, 159.0, 35.0, 14.0, 30.0, 4.0, 36.0, 2.0, 0.0, 0.0, 0.0, 0.0, 10]
[72.0, 0.0, 0.0, 0.0, 0.0, 0.0, 0.0, 0.0, 0.0, 0.0, 0.0, 0.0, 3.0, 1.0, 5.0, 0.0, 0.0, 0.0, 0.0, 0.0, 0.0, 0.0, 0.0, 0.0, 0.0, 0.0, 0.0, 0.0, 0.0, 0.0, 0.0, 0.0, 0.0, 0.0, 1.0, 1.0, 0.0, 1.0, 1.0, 0.0, 1.0, 4.0, 0.0, 1.0, 0.0, 0.0, 0.0, 0.0, 1.0, 0.0, 0.0, 1.0, 2.0, 0.0, 3.0, 2.0, 0.0, 0.0, 0.0, 0.0, 0.0, 0.0, 0.0, 0.0, 0.0, 14.0, 2.0, 4.0, 9.0, 33.0, 9.0, 6.0, 18.0, 24.0, 1.0, 5.0, 16.0, 7.0, 20.0, 26.0, 4.0, 0.0, 11.0, 29.0, 31.0, 10.0, 2.0, 3.0, 0.0, 6.0, 0.0, 0.0, 0.0, 0.0, 0.0, 10]
[104.0, 0.0, 0.0, 0.0, 0.0, 0.0, 0.0, 0.0, 0.0, 0.0, 0.0, 0.0, 3.0, 0.0, 7.0, 0.0, 1.0, 1.0, 1.0, 0.0, 0.0, 0.0, 1.0, 0.0, 0.0, 0.0, 0.0, 0.0, 0.0, 0.0, 0.0, 0.0, 0.0, 0.0, 1.0, 1.0, 0.0, 1.0, 0.0, 2.0, 0.0, 4.0, 0.0, 0.0, 0.0, 1.0, 0.0, 0.0, 0.0, 0.0, 2.0, 1.0, 2.0, 0.0, 1.0, 1.0, 0.0, 0.0, 0.0, 0.0, 0.0, 0.0, 0.0, 0.0, 0.0, 36.0, 9.0, 10.0, 11.0, 67.0, 5.0, 18.0, 27.0, 33.0, 1.0, 1.0, 15.0, 10.0, 29.0, 30.0, 3.0, 0.0, 16.0, 26.0, 48.0, 7.0, 7.0, 7.0, 1.0, 7.0, 0.0, 0.0, 0.0, 0.0, 0.0, 10]
[67.0, 0.0, 0.0, 0.0, 0.0, 0.0, 0.0, 0.0, 1.0, 1.0, 0.0, 0.0, 5.0, 1.0, 3.0, 0.0, 0.0, 2.0, 1.0, 0.0, 1.0, 1.0, 0.0, 1.0, 0.0, 0.0, 2.0, 0.0, 0.0, 0.0, 0.0, 1.0, 0.0, 2.0, 2.0, 2.0, 0.0, 2.0, 0.0, 0.0, 0.0, 0.0, 2.0, 0.0, 0.0, 0.0, 0.0, 0.0, 1.0, 0.0, 0.0, 2.0, 3.0, 0.0, 2.0, 1.0, 0.0, 0.0, 0.0, 0.0, 0.0, 0.0, 0.0, 0.0, 0.0, 26.0, 2.0, 5.0, 6.0, 34.0, 12.0, 11.0, 14.0, 16.0, 1.0, 5.0, 8.0, 4.0, 26.0, 17.0, 3.0, 0.0, 14.0, 19.0, 24.0, 10.0, 3.0, 3.0, 0.0, 5.0, 0.0, 0.0, 0.0, 0.0, 0.0, 10]
[73.0, 0.0, 0.0, 0.0, 0.0, 0.0, 0.0, 0.0, 1.0, 1.0, 0.0, 0.0, 4.0, 1.0, 4.0, 0.0, 1.0, 0.0, 2.0, 1.0, 1.0, 1.0, 0.0, 0.0, 0.0, 0.0, 2.0, 0.0, 0.0, 0.0, 0.0, 0.0, 0.0, 1.0, 0.0, 0.0, 0.0, 1.0, 0.0, 0.0, 0.0, 0.0, 1.0, 1.0, 1.0, 0.0, 1.0, 0.0, 1.0, 0.0, 0.0, 2.0, 4.0, 0.0, 1.0, 2.0, 0.0, 0.0, 0.0, 0.0, 0.0, 0.0, 0.0, 0.0, 0.0, 33.0, 8.0, 8.0, 8.0, 40.0, 4.0, 4.0, 18.0, 26.0, 0.0, 3.0, 13.0, 7.0, 24.0, 13.0, 6.0, 0.0, 15.0, 27.0, 35.0, 11.0, 4.0, 8.0, 2.0, 2.0, 0.0, 0.0, 0.0, 0.0, 0.0, 10]
[91.0, 0.0, 0.0, 0.0, 0.0, 0.0, 0.0, 0.0, 1.0, 1.0, 0.0, 0.0, 4.0, 1.0, 5.0, 0.0, 1.0, 1.0, 3.0, 0.0, 0.0, 1.0, 0.0, 0.0, 0.0, 0.0, 2.0, 0.0, 0.0, 0.0, 0.0, 0.0, 0.0, 0.0, 0.0, 2.0, 0.0, 1.0, 0.0, 0.0, 2.0, 4.0, 0.0, 0.0, 0.0, 0.0, 0.0, 0.0, 0.0, 0.0, 0.0, 5.0, 3.0, 0.0, 2.0, 1.0, 0.0, 0.0, 0.0, 0.0, 0.0, 0.0, 0.0, 0.0, 0.0, 25.0, 4.0, 8.0, 11.0, 48.0, 11.0, 9.0, 23.0, 33.0, 0.0, 4.0, 17.0, 9.0, 25.0, 33.0, 7.0, 0.0, 14.0, 29.0, 29.0, 6.0, 5.0, 13.0, 0.0, 5.0, 0.0, 0.0, 0.0, 0.0, 0.0, 10]
[82.0, 0.0, 0.0, 0.0, 0.0, 0.0, 0.0, 0.0, 0.0, 0.0, 0.0, 0.0, 4.0, 0.0, 4.0, 0.0, 1.0, 0.0, 0.0, 2.0, 0.0, 0.0, 0.0, 0.0, 1.0, 0.0, 1.0, 0.0, 0.0, 0.0, 0.0, 0.0, 0.0, 0.0, 0.0, 0.0, 0.0, 0.0, 0.0, 1.0, 0.0, 4.0, 0.0, 0.0, 1.0, 0.0, 0.0, 0.0, 0.0, 0.0, 0.0, 0.0, 3.0, 0.0, 2.0, 2.0, 0.0, 0.0, 0.0, 0.0, 0.0, 0.0, 0.0, 0.0, 0.0, 13.0, 9.0, 5.0, 5.0, 51.0, 5.0, 9.0, 21.0, 19.0, 3.0, 3.0, 16.0, 5.0, 24.0, 24.0, 8.0, 1.0, 19.0, 21.0, 40.0, 13.0, 2.0, 4.0, 1.0, 4.0, 0.0, 0.0, 0.0, 0.0, 0.0, 11]
[56.0, 0.0, 0.0, 0.0, 0.0, 0.0, 0.0, 0.0, 1.0, 1.0, 0.0, 0.0, 1.0, 1.0, 3.0, 0.0, 1.0, 2.0, 1.0, 0.0, 2.0, 0.0, 0.0, 0.0, 0.0, 0.0, 2.0, 0.0, 0.0, 0.0, 0.0, 0.0, 0.0, 0.0, 1.0, 0.0, 0.0, 1.0, 0.0, 0.0, 0.0, 1.0, 0.0, 1.0, 1.0, 0.0, 0.0, 0.0, 0.0, 0.0, 0.0, 2.0, 5.0, 1.0, 0.0, 0.0, 0.0, 0.0, 0.0, 0.0, 0.0, 0.0, 0.0, 0.0, 0.0, 12.0, 4.0, 1.0, 5.0, 43.0, 9.0, 5.0, 13.0, 20.0, 0.0, 0.0, 13.0, 5.0, 28.0, 17.0, 4.0, 0.0, 12.0, 18.0, 15.0, 7.0, 2.0, 6.0, 0.0, 3.0, 0.0, 0.0, 0.0, 0.0, 0.0, 11]
[55.0, 0.0, 0.0, 0.0, 0.0, 0.0, 0.0, 0.0, 1.0, 1.0, 0.0, 0.0, 3.0, 1.0, 5.0, 0.0, 1.0, 1.0, 1.0, 0.0, 2.0, 0.0, 1.0, 0.0, 1.0, 0.0, 2.0, 0.0, 0.0, 0.0, 0.0, 0.0, 0.0, 0.0, 0.0, 0.0, 0.0, 2.0, 0.0, 0.0, 0.0, 1.0, 0.0, 0.0, 2.0, 0.0, 0.0, 0.0, 2.0, 0.0, 0.0, 1.0, 6.0, 2.0, 0.0, 0.0, 0.0, 0.0, 0.0, 0.0, 0.0, 0.0, 0.0, 0.0, 0.0, 15.0, 6.0, 2.0, 8.0, 35.0, 6.0, 3.0, 9.0, 12.0, 0.0, 3.0, 6.0, 4.0, 16.0, 17.0, 2.0, 0.0, 12.0, 15.0, 19.0, 3.0, 3.0, 8.0, 1.0, 1.0, 0.0, 0.0, 0.0, 0.0, 0.0, 11]
[83.0, 0.0, 0.0, 0.0, 0.0, 0.0, 0.0, 0.0, 1.0, 1.0, 0.0, 0.0, 4.0, 1.0, 4.0, 0.0, 1.0, 2.0, 0.0, 1.0, 0.0, 0.0, 1.0, 1.0, 0.0, 0.0, 2.0, 0.0, 0.0, 0.0, 0.0, 0.0, 0.0, 0.0, 1.0, 0.0, 0.0, 0.0, 1.0, 1.0, 0.0, 5.0, 1.0, 0.0, 1.0, 0.0, 1.0, 0.0, 1.0, 0.0, 0.0, 2.0, 3.0, 0.0, 2.0, 0.0, 0.0, 0.0, 0.0, 0.0, 0.0, 0.0, 0.0, 0.0, 0.0, 29.0, 7.0, 11.0, 10.0, 47.0, 6.0, 8.0, 13.0, 24.0, 0.0, 6.0, 16.0, 8.0, 31.0, 25.0, 5.0, 0.0, 17.0, 21.0, 35.0, 8.0, 2.0, 3.0, 0.0, 8.0, 0.0, 0.0, 0.0, 0.0, 0.0, 11]
[90.0, 0.0, 0.0, 0.0, 0.0, 0.0, 0.0, 0.0, 1.0, 1.0, 0.0, 0.0, 2.0, 3.0, 6.0, 0.0, 0.0, 2.0, 0.0, 2.0, 1.0, 1.0, 0.0, 0.0, 0.0, 0.0, 2.0, 0.0, 0.0, 0.0, 0.0, 0.0, 0.0, 2.0, 1.0, 0.0, 0.0, 0.0, 0.0, 3.0, 1.0, 0.0, 1.0, 1.0, 1.0, 0.0, 1.0, 0.0, 1.0, 0.0, 0.0, 2.0, 3.0, 0.0, 0.0, 2.0, 0.0, 0.0, 0.0, 0.0, 0.0, 0.0, 0.0, 0.0, 0.0, 32.0, 7.0, 3.0, 10.0, 57.0, 11.0, 10.0, 17.0, 21.0, 2.0, 1.0, 19.0, 10.0, 25.0, 33.0, 1.0, 0.0, 25.0, 23.0, 44.0, 13.0, 3.0, 5.0, 1.0, 8.0, 1.0, 0.0, 0.0, 0.0, 0.0, 11]
[113.0, 0.0, 0.0, 0.0, 0.0, 0.0, 0.0, 0.0, 1.0, 1.0, 0.0, 0.0, 5.0, 1.0, 7.0, 0.0, 0.0, 2.0, 1.0, 2.0, 1.0, 0.0, 0.0, 0.0, 0.0, 0.0, 2.0, 0.0, 0.0, 0.0, 0.0, 0.0, 0.0, 3.0, 0.0, 0.0, 0.0, 0.0, 2.0, 1.0, 0.0, 1.0, 0.0, 0.0, 1.0, 2.0, 0.0, 0.0, 0.0, 0.0, 0.0, 4.0, 6.0, 0.0, 2.0, 0.0, 0.0, 0.0, 0.0, 0.0, 0.0, 0.0, 0.0, 0.0, 0.0, 37.0, 9.0, 7.0, 7.0, 71.0, 17.0, 13.0, 25.0, 33.0, 1.0, 6.0, 22.0, 6.0, 39.0, 42.0, 9.0, 0.0, 23.0, 47.0, 45.0, 15.0, 5.0, 5.0, 0.0, 8.0, 2.0, 0.0, 0.0, 0.0, 0.0, 11]
[93.0, 0.0, 0.0, 0.0, 0.0, 0.0, 0.0, 0.0, 1.0, 1.0, 0.0, 0.0, 4.0, 1.0, 6.0, 0.0, 0.0, 1.0, 1.0, 0.0, 2.0, 0.0, 1.0, 0.0, 1.0, 0.0, 2.0, 0.0, 0.0, 0.0, 0.0, 0.0, 0.0, 2.0, 0.0, 0.0, 0.0, 0.0, 0.0, 1.0, 0.0, 2.0, 1.0, 0.0, 1.0, 0.0, 1.0, 0.0, 0.0, 0.0, 0.0, 2.0, 6.0, 0.0, 0.0, 0.0, 0.0, 0.0, 0.0, 0.0, 0.0, 0.0, 0.0, 0.0, 0.0, 42.0, 12.0, 7.0, 11.0, 54.0, 7.0, 7.0, 17.0, 17.0, 4.0, 5.0, 13.0, 9.0, 27.0, 29.0, 7.0, 0.0, 24.0, 32.0, 45.0, 17.0, 3.0, 6.0, 1.0, 11.0, 0.0, 0.0, 0.0, 0.0, 0.0, 11]
[129.0, 0.0, 0.0, 0.0, 0.0, 0.0, 0.0, 0.0, 1.0, 1.0, 0.0, 0.0, 4.0, 2.0, 8.0, 0.0, 1.0, 0.0, 3.0, 1.0, 0.0, 1.0, 0.0, 0.0, 0.0, 0.0, 2.0, 0.0, 0.0, 0.0, 0.0, 0.0, 0.0, 3.0, 1.0, 1.0, 0.0, 1.0, 0.0, 1.0, 0.0, 3.0, 1.0, 0.0, 1.0, 0.0, 0.0, 0.0, 1.0, 0.0, 0.0, 4.0, 9.0, 0.0, 2.0, 0.0, 0.0, 0.0, 0.0, 0.0, 0.0, 0.0, 0.0, 0.0, 0.0, 55.0, 15.0, 13.0, 19.0, 73.0, 12.0, 15.0, 33.0, 30.0, 1.0, 6.0, 26.0, 13.0, 43.0, 40.0, 3.0, 1.0, 28.0, 32.0, 50.0, 14.0, 4.0, 13.0, 0.0, 11.0, 0.0, 0.0, 0.0, 0.0, 0.0, 11]
[140.0, 0.0, 0.0, 0.0, 0.0, 0.0, 0.0, 0.0, 1.0, 1.0, 0.0, 0.0, 8.0, 1.0, 5.0, 0.0, 0.0, 1.0, 1.0, 0.0, 1.0, 0.0, 0.0, 0.0, 1.0, 0.0, 1.0, 0.0, 0.0, 0.0, 0.0, 0.0, 0.0, 0.0, 0.0, 0.0, 0.0, 0.0, 0.0, 1.0, 0.0, 6.0, 1.0, 0.0, 0.0, 2.0, 1.0, 0.0, 1.0, 0.0, 0.0, 1.0, 4.0, 0.0, 5.0, 4.0, 0.0, 0.0, 0.0, 0.0, 0.0, 0.0, 0.0, 0.0, 0.0, 39.0, 10.0, 9.0, 9.0, 72.0, 14.0, 26.0, 26.0, 47.0, 0.0, 3.0, 25.0, 10.0, 40.0, 51.0, 7.0, 1.0, 38.0, 34.0, 59.0, 19.0, 3.0, 13.0, 0.0, 6.0, 0.0, 0.0, 0.0, 0.0, 0.0, 12]
[90.0, 0.0, 0.0, 0.0, 0.0, 0.0, 0.0, 0.0, 1.0, 1.0, 0.0, 0.0, 2.0, 3.0, 4.0, 0.0, 2.0, 3.0, 0.0, 0.0, 3.0, 0.0, 0.0, 1.0, 0.0, 0.0, 2.0, 0.0, 0.0, 0.0, 0.0, 0.0, 0.0, 0.0, 1.0, 1.0, 0.0, 1.0, 0.0, 0.0, 0.0, 1.0, 2.0, 1.0, 0.0, 0.0, 1.0, 0.0, 1.0, 0.0, 2.0, 4.0, 6.0, 1.0, 2.0, 1.0, 0.0, 0.0, 0.0, 0.0, 0.0, 0.0, 0.0, 0.0, 0.0, 26.0, 2.0, 6.0, 14.0, 45.0, 10.0, 8.0, 20.0, 29.0, 0.0, 8.0, 17.0, 7.0, 40.0, 32.0, 6.0, 0.0, 22.0, 24.0, 33.0, 11.0, 2.0, 6.0, 1.0, 9.0, 0.0, 0.0, 0.0, 0.0, 0.0, 12]
[63.0, 0.0, 0.0, 0.0, 0.0, 0.0, 0.0, 0.0, 1.0, 1.0, 0.0, 0.0, 3.0, 6.0, 3.0, 0.0, 4.0, 3.0, 5.0, 3.0, 1.0, 2.0, 0.0, 0.0, 0.0, 0.0, 2.0, 0.0, 0.0, 0.0, 0.0, 0.0, 0.0, 1.0, 1.0, 2.0, 0.0, 3.0, 3.0, 0.0, 0.0, 0.0, 0.0, 0.0, 1.0, 1.0, 4.0, 0.0, 2.0, 0.0, 0.0, 5.0, 7.0, 3.0, 2.0, 0.0, 0.0, 0.0, 0.0, 0.0, 0.0, 0.0, 0.0, 0.0, 0.0, 25.0, 2.0, 1.0, 8.0, 38.0, 3.0, 6.0, 14.0, 14.0, 0.0, 1.0, 11.0, 4.0, 22.0, 19.0, 6.0, 0.0, 17.0, 17.0, 24.0, 4.0, 0.0, 5.0, 1.0, 6.0, 1.0, 0.0, 0.0, 0.0, 0.0, 12]
[96.0, 0.0, 0.0, 0.0, 0.0, 0.0, 0.0, 0.0, 1.0, 1.0, 0.0, 0.0, 4.0, 4.0, 4.0, 0.0, 2.0, 1.0, 1.0, 1.0, 0.0, 0.0, 0.0, 0.0, 0.0, 1.0, 2.0, 0.0, 0.0, 0.0, 0.0, 2.0, 0.0, 0.0, 2.0, 0.0, 0.0, 0.0, 3.0, 0.0, 1.0, 2.0, 0.0, 0.0, 0.0, 0.0, 2.0, 0.0, 0.0, 0.0, 0.0, 3.0, 4.0, 0.0, 0.0, 1.0, 0.0, 0.0, 0.0, 0.0, 0.0, 0.0, 0.0, 0.0, 0.0, 37.0, 9.0, 11.0, 13.0, 65.0, 4.0, 15.0, 28.0, 34.0, 1.0, 3.0, 20.0, 14.0, 37.0, 36.0, 8.0, 0.0, 26.0, 24.0, 43.0, 11.0, 2.0, 9.0, 1.0, 5.0, 0.0, 0.0, 0.0, 0.0, 0.0, 12]
[128.0, 0.0, 0.0, 0.0, 0.0, 0.0, 0.0, 0.0, 1.0, 1.0, 0.0, 0.0, 6.0, 2.0, 9.0, 0.0, 2.0, 5.0, 0.0, 1.0, 2.0, 0.0, 0.0, 2.0, 0.0, 1.0, 2.0, 0.0, 0.0, 0.0, 0.0, 0.0, 0.0, 6.0, 0.0, 2.0, 0.0, 2.0, 1.0, 3.0, 0.0, 2.0, 2.0, 1.0, 0.0, 0.0, 4.0, 0.0, 1.0, 0.0, 0.0, 3.0, 5.0, 0.0, 2.0, 2.0, 0.0, 0.0, 0.0, 0.0, 0.0, 0.0, 0.0, 0.0, 0.0, 40.0, 9.0, 15.0, 15.0, 84.0, 6.0, 15.0, 24.0, 30.0, 1.0, 5.0, 21.0, 10.0, 52.0, 40.0, 7.0, 0.0, 28.0, 38.0, 59.0, 15.0, 2.0, 9.0, 2.0, 9.0, 0.0, 0.0, 0.0, 0.0, 0.0, 12]
[94.0, 0.0, 0.0, 0.0, 0.0, 0.0, 0.0, 0.0, 1.0, 1.0, 0.0, 0.0, 5.0, 2.0, 4.0, 0.0, 1.0, 3.0, 3.0, 1.0, 2.0, 0.0, 0.0, 1.0, 1.0, 1.0, 2.0, 0.0, 0.0, 0.0, 0.0, 0.0, 0.0, 4.0, 0.0, 0.0, 0.0, 0.0, 0.0, 0.0, 0.0, 1.0, 0.0, 0.0, 0.0, 1.0, 1.0, 0.0, 0.0, 0.0, 0.0, 2.0, 7.0, 0.0, 1.0, 0.0, 0.0, 0.0, 0.0, 0.0, 0.0, 0.0, 0.0, 0.0, 0.0, 38.0, 8.0, 4.0, 11.0, 49.0, 7.0, 13.0, 18.0, 28.0, 1.0, 3.0, 22.0, 7.0, 30.0, 32.0, 8.0, 0.0, 17.0, 29.0, 38.0, 12.0, 1.0, 8.0, 0.0, 3.0, 0.0, 0.0, 0.0, 0.0, 0.0, 12]
[139.0, 0.0, 0.0, 0.0, 0.0, 0.0, 0.0, 0.0, 1.0, 1.0, 0.0, 0.0, 8.0, 3.0, 6.0, 0.0, 0.0, 1.0, 2.0, 0.0, 2.0, 1.0, 0.0, 0.0, 0.0, 0.0, 2.0, 0.0, 0.0, 0.0, 0.0, 0.0, 0.0, 5.0, 1.0, 2.0, 0.0, 1.0, 0.0, 1.0, 0.0, 0.0, 2.0, 0.0, 0.0, 0.0, 2.0, 0.0, 2.0, 0.0, 0.0, 5.0, 5.0, 0.0, 0.0, 3.0, 0.0, 0.0, 0.0, 0.0, 0.0, 0.0, 0.0, 0.0, 0.0, 57.0, 12.0, 10.0, 23.0, 83.0, 10.0, 12.0, 30.0, 42.0, 0.0, 3.0, 20.0, 18.0, 51.0, 37.0, 6.0, 0.0, 34.0, 35.0, 57.0, 16.0, 5.0, 11.0, 2.0, 18.0, 0.0, 0.0, 0.0, 0.0, 0.0, 12]
[104.0, 0.0, 0.0, 0.0, 0.0, 0.0, 0.0, 0.0, 1.0, 1.0, 0.0, 0.0, 5.0, 1.0, 3.0, 0.0, 0.0, 1.0, 3.0, 0.0, 1.0, 1.0, 0.0, 0.0, 0.0, 1.0, 2.0, 0.0, 0.0, 0.0, 0.0, 0.0, 0.0, 1.0, 0.0, 3.0, 0.0, 0.0, 0.0, 2.0, 0.0, 2.0, 1.0, 1.0, 2.0, 0.0, 1.0, 0.0, 0.0, 0.0, 0.0, 4.0, 4.0, 0.0, 0.0, 1.0, 0.0, 0.0, 0.0, 0.0, 0.0, 0.0, 0.0, 0.0, 0.0, 39.0, 7.0, 10.0, 7.0, 52.0, 13.0, 17.0, 23.0, 37.0, 0.0, 9.0, 23.0, 10.0, 41.0, 48.0, 6.0, 2.0, 28.0, 31.0, 44.0, 9.0, 4.0, 10.0, 0.0, 8.0, 0.0, 0.0, 0.0, 0.0, 0.0, 12]
